Distance	FrapRatio	FrapCon		FrapBasic
28.284  	0.18806  	0.26302  	1.3986   
Distance	FrapRatio	FrapCon		FrapBasic
Distance	FrapRatio	FrapCon		FrapBasic
12.232  	0.15444  	1.7482   	11.32    
27.261  	0.15657  	0.30318  	1.9364   
31.924  	0.55537  	0.14087  	0.25365  
29.407  	0.033443 	0.18509  	5.5346   
25.647  	0.60339  	0.76698  	1.2711   
31.606  	0.78702  	0.49942  	0.63457  
28.968  	0.064123 	0.23943  	3.7339   
Distance	FrapRatio	FrapCon		FrapBasic
28.284  	0.18806  	0.26302  	1.3986   
Distance	FrapRatio	FrapCon		FrapBasic
8.1066  	0.065478 	13.058   	199.43   
12.232  	0.10681  	6.4472   	60.36    
27.261  	0.035965 	0.54615  	15.186   
31.924  	0.17836  	2.8053   	15.728   
29.407  	0.046302 	0.34584  	7.4694   
25.647  	0.27742  	3.6728   	13.239   
