1      0.99962
2      0.99928
3      0.99896
4      0.99865
5      0.99835
6      0.99806
7      0.99778
8      0.9975
9      0.99722
10     0.99695
11     0.99669
12     0.99642
13     0.99617
14     0.99591
15     0.99566
16     0.99541
17     0.99516
18     0.99492
19     0.99468
20     0.99444
21     0.9942
22     0.99397
23     0.99374
24     0.99351
25     0.99329
26     0.99306
27     0.99284
28     0.99262
29     0.9924
30     0.99219
31     0.99197
32     0.99176
33     0.99155
34     0.99134
35     0.99113
36     0.99093
37     0.99073
38     0.99052
39     0.99032
40     0.99012
41     0.98993
42     0.98973
43     0.98954
44     0.98934
45     0.98915
46     0.98896
47     0.98877
48     0.98859
49     0.9884
50     0.98822
51     0.98803
52     0.98785
53     0.98767
54     0.98749
55     0.98731
56     0.98713
57     0.98696
58     0.98678
59     0.98661
60     0.98643
61     0.98626
62     0.98609
63     0.98592
64     0.98575
65     0.98558
66     0.98542
67     0.98525
68     0.98509
69     0.98492
70     0.98476
71     0.9846
72     0.98444
73     0.98428
74     0.98412
75     0.98396
76     0.9838
77     0.98364
78     0.98349
79     0.98333
80     0.98318
81     0.98302
82     0.98287
83     0.98272
84     0.98257
85     0.98242
86     0.98227
87     0.98212
88     0.98197
89     0.98182
90     0.98167
91     0.98153
92     0.98138
93     0.98124
94     0.98109
95     0.98095
96     0.98081
97     0.98067
98     0.98052
99     0.98038
100    0.98024
101    0.9801
102    0.97996
103    0.97983
104    0.97969
105    0.97955
106    0.97941
107    0.97928
108    0.97914
109    0.97901
110    0.97887
111    0.97874
112    0.97861
113    0.97847
114    0.97834
115    0.97821
116    0.97808
117    0.97795
118    0.97782
119    0.97769
120    0.97756
121    0.97743
122    0.97731
123    0.97718
124    0.97705
125    0.97692
126    0.9768
127    0.97667
128    0.97655
129    0.97642
130    0.9763
131    0.97618
132    0.97605
133    0.97593
134    0.97581
