Graph addvar/addexpr lines
1 4175
x dendrite[d2].cai(0.5)
0	5e-005
0	5e-005
0	5e-005
0	5e-005
0	5e-005
1	4.96162e-005
1	4.96162e-005
1	4.96162e-005
1	4.96162e-005
1	4.96162e-005
2	4.94316e-005
2	4.94316e-005
2	4.94316e-005
2	4.94316e-005
2	4.94316e-005
3	4.93028e-005
3	4.93028e-005
3	4.93028e-005
3	4.93028e-005
3	4.93028e-005
4	4.91982e-005
4	4.91982e-005
4	4.91982e-005
4	4.91982e-005
4	4.91982e-005
5	4.91053e-005
5	4.91053e-005
5	4.91053e-005
5	4.91053e-005
5	4.91053e-005
6	4.90186e-005
6	4.90186e-005
6	4.90186e-005
6	4.90186e-005
6	4.90186e-005
7	4.89358e-005
7	4.89358e-005
7	4.89358e-005
7	4.89358e-005
7	4.89358e-005
8	4.88555e-005
8	4.88555e-005
8	4.88555e-005
8	4.88555e-005
8	4.88555e-005
9	4.87771e-005
9	4.87771e-005
9	4.87771e-005
9	4.87771e-005
9	4.87771e-005
10	4.87004e-005
10	4.87004e-005
10	4.87004e-005
10	4.87004e-005
10	4.87004e-005
11	4.86251e-005
11	4.86251e-005
11	4.86251e-005
11	4.86251e-005
11	4.86251e-005
12	4.8551e-005
12	4.8551e-005
12	4.8551e-005
12	4.8551e-005
12	4.8551e-005
13	4.8478e-005
13	4.8478e-005
13	4.8478e-005
13	4.8478e-005
13	4.8478e-005
14	4.84059e-005
14	4.84059e-005
14	4.84059e-005
14	4.84059e-005
14	4.84059e-005
15	4.83348e-005
15	4.83348e-005
15	4.83348e-005
15	4.83348e-005
15	4.83348e-005
16	4.82645e-005
16	4.82645e-005
16	4.82645e-005
16	4.82645e-005
16	4.82645e-005
17	4.81949e-005
17	4.81949e-005
17	4.81949e-005
17	4.81949e-005
17	4.81949e-005
18	4.8126e-005
18	4.8126e-005
18	4.8126e-005
18	4.8126e-005
18	4.8126e-005
19	4.80578e-005
19	4.80578e-005
19	4.80578e-005
19	4.80578e-005
19	4.80578e-005
20	4.79902e-005
20	4.79902e-005
20	4.79902e-005
20	4.79902e-005
20	4.79902e-005
21	4.79232e-005
21	4.79232e-005
21	4.79232e-005
21	4.79232e-005
21	4.79232e-005
22	4.78567e-005
22	4.78567e-005
22	4.78567e-005
22	4.78567e-005
22	4.78567e-005
23	4.77907e-005
23	4.77907e-005
23	4.77907e-005
23	4.77907e-005
23	4.77907e-005
24	4.77252e-005
24	4.77252e-005
24	4.77252e-005
24	4.77252e-005
24	4.77252e-005
25	4.76601e-005
25	4.76601e-005
25	4.76601e-005
25	4.76601e-005
25	4.76601e-005
26	4.75955e-005
26	4.75955e-005
26	4.75955e-005
26	4.75955e-005
26	4.75955e-005
27	4.75312e-005
27	4.75312e-005
27	4.75312e-005
27	4.75312e-005
27	4.75312e-005
28	4.74674e-005
28	4.74674e-005
28	4.74674e-005
28	4.74674e-005
28	4.74674e-005
29	4.74039e-005
29	4.74039e-005
29	4.74039e-005
29	4.74039e-005
29	4.74039e-005
30	4.73408e-005
30	4.73408e-005
30	4.73408e-005
30	4.73408e-005
30	4.73408e-005
31	4.7278e-005
31	4.7278e-005
31	4.7278e-005
31	4.7278e-005
31	4.7278e-005
32	4.72155e-005
32	4.72155e-005
32	4.72155e-005
32	4.72155e-005
32	4.72155e-005
33	4.71534e-005
33	4.71534e-005
33	4.71534e-005
33	4.71534e-005
33	4.71534e-005
34	4.70916e-005
34	4.70916e-005
34	4.70916e-005
34	4.70916e-005
34	4.70916e-005
35	4.70301e-005
35	4.70301e-005
35	4.70301e-005
35	4.70301e-005
35	4.70301e-005
36	4.69689e-005
36	4.69689e-005
36	4.69689e-005
36	4.69689e-005
36	4.69689e-005
37	4.6908e-005
37	4.6908e-005
37	4.6908e-005
37	4.6908e-005
37	4.6908e-005
38	4.68473e-005
38	4.68473e-005
38	4.68473e-005
38	4.68473e-005
38	4.68473e-005
39	4.6787e-005
39	4.6787e-005
39	4.6787e-005
39	4.6787e-005
39	4.6787e-005
40	4.67269e-005
40	4.67269e-005
40	4.67269e-005
40	4.67269e-005
40	4.67269e-005
41	4.66671e-005
41	4.66671e-005
41	4.66671e-005
41	4.66671e-005
41	4.66671e-005
42	4.66075e-005
42	4.66075e-005
42	4.66075e-005
42	4.66075e-005
42	4.66075e-005
43	4.65482e-005
43	4.65482e-005
43	4.65482e-005
43	4.65482e-005
43	4.65482e-005
44	4.64892e-005
44	4.64892e-005
44	4.64892e-005
44	4.64892e-005
44	4.64892e-005
45	4.64304e-005
45	4.64304e-005
45	4.64304e-005
45	4.64304e-005
45	4.64304e-005
46	4.63719e-005
46	4.63719e-005
46	4.63719e-005
46	4.63719e-005
46	4.63719e-005
47	4.63136e-005
47	4.63136e-005
47	4.63136e-005
47	4.63136e-005
47	4.63136e-005
48	4.62555e-005
48	4.62555e-005
48	4.62555e-005
48	4.62555e-005
48	4.62555e-005
49	4.61977e-005
49	4.61977e-005
49	4.61977e-005
49	4.61977e-005
49	4.61977e-005
50	4.61401e-005
50	4.61401e-005
50	4.61401e-005
50	4.61401e-005
50	4.61401e-005
51	4.60828e-005
51	4.60828e-005
51	4.60828e-005
51	4.60828e-005
51	4.60828e-005
52	4.60257e-005
52	4.60257e-005
52	4.60257e-005
52	4.60257e-005
52	4.60257e-005
53	4.59688e-005
53	4.59688e-005
53	4.59688e-005
53	4.59688e-005
53	4.59688e-005
54	4.59121e-005
54	4.59121e-005
54	4.59121e-005
54	4.59121e-005
54	4.59121e-005
55	4.58557e-005
55	4.58557e-005
55	4.58557e-005
55	4.58557e-005
55	4.58557e-005
56	4.57995e-005
56	4.57995e-005
56	4.57995e-005
56	4.57995e-005
56	4.57995e-005
57	4.57435e-005
57	4.57435e-005
57	4.57435e-005
57	4.57435e-005
57	4.57435e-005
58	4.56877e-005
58	4.56877e-005
58	4.56877e-005
58	4.56877e-005
58	4.56877e-005
59	4.56321e-005
59	4.56321e-005
59	4.56321e-005
59	4.56321e-005
59	4.56321e-005
60	4.55768e-005
60	4.55768e-005
60	4.55768e-005
60	4.55768e-005
60	4.55768e-005
61	4.55216e-005
61	4.55216e-005
61	4.55216e-005
61	4.55216e-005
61	4.55216e-005
62	4.54667e-005
62	4.54667e-005
62	4.54667e-005
62	4.54667e-005
62	4.54667e-005
63	4.5412e-005
63	4.5412e-005
63	4.5412e-005
63	4.5412e-005
63	4.5412e-005
64	4.53575e-005
64	4.53575e-005
64	4.53575e-005
64	4.53575e-005
64	4.53575e-005
65	4.53031e-005
65	4.53031e-005
65	4.53031e-005
65	4.53031e-005
65	4.53031e-005
66	4.5249e-005
66	4.5249e-005
66	4.5249e-005
66	4.5249e-005
66	4.5249e-005
67	4.51951e-005
67	4.51951e-005
67	4.51951e-005
67	4.51951e-005
67	4.51951e-005
68	4.51414e-005
68	4.51414e-005
68	4.51414e-005
68	4.51414e-005
68	4.51414e-005
69	4.50879e-005
69	4.50879e-005
69	4.50879e-005
69	4.50879e-005
69	4.50879e-005
70	4.50346e-005
70	4.50346e-005
70	4.50346e-005
70	4.50346e-005
70	4.50346e-005
71	4.49815e-005
71	4.49815e-005
71	4.49815e-005
71	4.49815e-005
71	4.49815e-005
72	4.49286e-005
72	4.49286e-005
72	4.49286e-005
72	4.49286e-005
72	4.49286e-005
73	4.48758e-005
73	4.48758e-005
73	4.48758e-005
73	4.48758e-005
73	4.48758e-005
74	4.48233e-005
74	4.48233e-005
74	4.48233e-005
74	4.48233e-005
74	4.48233e-005
75	4.47709e-005
75	4.47709e-005
75	4.47709e-005
75	4.47709e-005
75	4.47709e-005
76	4.47188e-005
76	4.47188e-005
76	4.47188e-005
76	4.47188e-005
76	4.47188e-005
77	4.46668e-005
77	4.46668e-005
77	4.46668e-005
77	4.46668e-005
77	4.46668e-005
78	4.4615e-005
78	4.4615e-005
78	4.4615e-005
78	4.4615e-005
78	4.4615e-005
79	4.45634e-005
79	4.45634e-005
79	4.45634e-005
79	4.45634e-005
79	4.45634e-005
80	4.4512e-005
80	4.4512e-005
80	4.4512e-005
80	4.4512e-005
80	4.4512e-005
81	4.44607e-005
81	4.44607e-005
81	4.44607e-005
81	4.44607e-005
81	4.44607e-005
82	4.44097e-005
82	4.44097e-005
82	4.44097e-005
82	4.44097e-005
82	4.44097e-005
83	4.43588e-005
83	4.43588e-005
83	4.43588e-005
83	4.43588e-005
83	4.43588e-005
84	4.4308e-005
84	4.4308e-005
84	4.4308e-005
84	4.4308e-005
84	4.4308e-005
85	4.42575e-005
85	4.42575e-005
85	4.42575e-005
85	4.42575e-005
85	4.42575e-005
86	4.42071e-005
86	4.42071e-005
86	4.42071e-005
86	4.42071e-005
86	4.42071e-005
87	4.41569e-005
87	4.41569e-005
87	4.41569e-005
87	4.41569e-005
87	4.41569e-005
88	4.41069e-005
88	4.41069e-005
88	4.41069e-005
88	4.41069e-005
88	4.41069e-005
89	4.40571e-005
89	4.40571e-005
89	4.40571e-005
89	4.40571e-005
89	4.40571e-005
90	4.40074e-005
90	4.40074e-005
90	4.40074e-005
90	4.40074e-005
90	4.40074e-005
91	4.39579e-005
91	4.39579e-005
91	4.39579e-005
91	4.39579e-005
91	4.39579e-005
92	4.39085e-005
92	4.39085e-005
92	4.39085e-005
92	4.39085e-005
92	4.39085e-005
93	4.38593e-005
93	4.38593e-005
93	4.38593e-005
93	4.38593e-005
93	4.38593e-005
94	4.38103e-005
94	4.38103e-005
94	4.38103e-005
94	4.38103e-005
94	4.38103e-005
95	4.37615e-005
95	4.37615e-005
95	4.37615e-005
95	4.37615e-005
95	4.37615e-005
96	4.37128e-005
96	4.37128e-005
96	4.37128e-005
96	4.37128e-005
96	4.37128e-005
97	4.36642e-005
97	4.36642e-005
97	4.36642e-005
97	4.36642e-005
97	4.36642e-005
98	4.36159e-005
98	4.36159e-005
98	4.36159e-005
98	4.36159e-005
98	4.36159e-005
99	4.35676e-005
99	4.35676e-005
99	4.35676e-005
99	4.35676e-005
99	4.35676e-005
100	4.35196e-005
100	4.35196e-005
100	4.35196e-005
100	4.35196e-005
100	4.35196e-005
101	4.34717e-005
101	4.34717e-005
101	4.34717e-005
101	4.34717e-005
101	4.34717e-005
102	4.34239e-005
102	4.34239e-005
102	4.34239e-005
102	4.34239e-005
102	4.34239e-005
103	4.33763e-005
103	4.33763e-005
103	4.33763e-005
103	4.33763e-005
103	4.33763e-005
104	4.33289e-005
104	4.33289e-005
104	4.33289e-005
104	4.33289e-005
104	4.33289e-005
105	4.32816e-005
105	4.32816e-005
105	4.32816e-005
105	4.32816e-005
105	4.32816e-005
106	4.32345e-005
106	4.32345e-005
106	4.32345e-005
106	4.32345e-005
106	4.32345e-005
107	4.31875e-005
107	4.31875e-005
107	4.31875e-005
107	4.31875e-005
107	4.31875e-005
108	4.31406e-005
108	4.31406e-005
108	4.31406e-005
108	4.31406e-005
108	4.31406e-005
109	4.30939e-005
109	4.30939e-005
109	4.30939e-005
109	4.30939e-005
109	4.30939e-005
110	4.30474e-005
110	4.30474e-005
110	4.30474e-005
110	4.30474e-005
110	4.30474e-005
111	4.3001e-005
111	4.3001e-005
111	4.3001e-005
111	4.3001e-005
111	4.3001e-005
112	4.29547e-005
112	4.29547e-005
112	4.29547e-005
112	4.29547e-005
112	4.29547e-005
113	4.29086e-005
113	4.29086e-005
113	4.29086e-005
113	4.29086e-005
113	4.29086e-005
114	4.28627e-005
114	4.28627e-005
114	4.28627e-005
114	4.28627e-005
114	4.28627e-005
115	4.28168e-005
115	4.28168e-005
115	4.28168e-005
115	4.28168e-005
115	4.28168e-005
116	4.29268e-005
116	4.29268e-005
116	4.29268e-005
116	4.29268e-005
116	4.29268e-005
117	4.29343e-005
117	4.29343e-005
117	4.29343e-005
117	4.29343e-005
117	4.29343e-005
118	4.29638e-005
118	4.29638e-005
118	4.29638e-005
118	4.29638e-005
118	4.29638e-005
119	4.30262e-005
119	4.30262e-005
119	4.30262e-005
119	4.30262e-005
119	4.30262e-005
120	4.31223e-005
120	4.31223e-005
120	4.31223e-005
120	4.31223e-005
120	4.31223e-005
121	4.32491e-005
121	4.32491e-005
121	4.32491e-005
121	4.32491e-005
121	4.32491e-005
122	4.34025e-005
122	4.34025e-005
122	4.34025e-005
122	4.34025e-005
122	4.34025e-005
123	4.35785e-005
123	4.35785e-005
123	4.35785e-005
123	4.35785e-005
123	4.35785e-005
124	4.37728e-005
124	4.37728e-005
124	4.37728e-005
124	4.37728e-005
124	4.37728e-005
125	4.39817e-005
125	4.39817e-005
125	4.39817e-005
125	4.39817e-005
125	4.39817e-005
126	4.4202e-005
126	4.4202e-005
126	4.4202e-005
126	4.4202e-005
126	4.4202e-005
127	4.44306e-005
127	4.44306e-005
127	4.44306e-005
127	4.44306e-005
127	4.44306e-005
128	4.4665e-005
128	4.4665e-005
128	4.4665e-005
128	4.4665e-005
128	4.4665e-005
129	4.49028e-005
129	4.49028e-005
129	4.49028e-005
129	4.49028e-005
129	4.49028e-005
130	4.51419e-005
130	4.51419e-005
130	4.51419e-005
130	4.51419e-005
130	4.51419e-005
131	4.53807e-005
131	4.53807e-005
131	4.53807e-005
131	4.53807e-005
131	4.53807e-005
132	4.56175e-005
132	4.56175e-005
132	4.56175e-005
132	4.56175e-005
132	4.56175e-005
133	4.5851e-005
133	4.5851e-005
133	4.5851e-005
133	4.5851e-005
133	4.5851e-005
134	4.60801e-005
134	4.60801e-005
134	4.60801e-005
134	4.60801e-005
134	4.60801e-005
135	4.63039e-005
135	4.63039e-005
135	4.63039e-005
135	4.63039e-005
135	4.63039e-005
136	4.65213e-005
136	4.65213e-005
136	4.65213e-005
136	4.65213e-005
136	4.65213e-005
137	4.67319e-005
137	4.67319e-005
137	4.67319e-005
137	4.67319e-005
137	4.67319e-005
138	4.6935e-005
138	4.6935e-005
138	4.6935e-005
138	4.6935e-005
138	4.6935e-005
139	4.71301e-005
139	4.71301e-005
139	4.71301e-005
139	4.71301e-005
139	4.71301e-005
140	4.73171e-005
140	4.73171e-005
140	4.73171e-005
140	4.73171e-005
140	4.73171e-005
141	4.74955e-005
141	4.74955e-005
141	4.74955e-005
141	4.74955e-005
141	4.74955e-005
142	4.76652e-005
142	4.76652e-005
142	4.76652e-005
142	4.76652e-005
142	4.76652e-005
143	4.78262e-005
143	4.78262e-005
143	4.78262e-005
143	4.78262e-005
143	4.78262e-005
144	4.79784e-005
144	4.79784e-005
144	4.79784e-005
144	4.79784e-005
144	4.79784e-005
145	4.81219e-005
145	4.81219e-005
145	4.81219e-005
145	4.81219e-005
145	4.81219e-005
146	4.82567e-005
146	4.82567e-005
146	4.82567e-005
146	4.82567e-005
146	4.82567e-005
147	4.83829e-005
147	4.83829e-005
147	4.83829e-005
147	4.83829e-005
147	4.83829e-005
148	4.85007e-005
148	4.85007e-005
148	4.85007e-005
148	4.85007e-005
148	4.85007e-005
149	4.86103e-005
149	4.86103e-005
149	4.86103e-005
149	4.86103e-005
149	4.86103e-005
150	4.87119e-005
150	4.87119e-005
150	4.87119e-005
150	4.87119e-005
150	4.87119e-005
151	4.88058e-005
151	4.88058e-005
151	4.88058e-005
151	4.88058e-005
151	4.88058e-005
152	4.88921e-005
152	4.88921e-005
152	4.88921e-005
152	4.88921e-005
152	4.88921e-005
153	4.89712e-005
153	4.89712e-005
153	4.89712e-005
153	4.89712e-005
153	4.89712e-005
154	4.90433e-005
154	4.90433e-005
154	4.90433e-005
154	4.90433e-005
154	4.90433e-005
155	4.91086e-005
155	4.91086e-005
155	4.91086e-005
155	4.91086e-005
155	4.91086e-005
156	4.91675e-005
156	4.91675e-005
156	4.91675e-005
156	4.91675e-005
156	4.91675e-005
157	4.92203e-005
157	4.92203e-005
157	4.92203e-005
157	4.92203e-005
157	4.92203e-005
158	4.92671e-005
158	4.92671e-005
158	4.92671e-005
158	4.92671e-005
158	4.92671e-005
159	4.93083e-005
159	4.93083e-005
159	4.93083e-005
159	4.93083e-005
159	4.93083e-005
160	4.93442e-005
160	4.93442e-005
160	4.93442e-005
160	4.93442e-005
160	4.93442e-005
161	4.93749e-005
161	4.93749e-005
161	4.93749e-005
161	4.93749e-005
161	4.93749e-005
162	4.94009e-005
162	4.94009e-005
162	4.94009e-005
162	4.94009e-005
162	4.94009e-005
163	4.94222e-005
163	4.94222e-005
163	4.94222e-005
163	4.94222e-005
163	4.94222e-005
164	4.94392e-005
164	4.94392e-005
164	4.94392e-005
164	4.94392e-005
164	4.94392e-005
165	4.94521e-005
165	4.94521e-005
165	4.94521e-005
165	4.94521e-005
165	4.94521e-005
166	4.9461e-005
166	4.9461e-005
166	4.9461e-005
166	4.9461e-005
166	4.9461e-005
167	4.94663e-005
167	4.94663e-005
167	4.94663e-005
167	4.94663e-005
167	4.94663e-005
168	4.94682e-005
168	4.94682e-005
168	4.94682e-005
168	4.94682e-005
168	4.94682e-005
169	4.94667e-005
169	4.94667e-005
169	4.94667e-005
169	4.94667e-005
169	4.94667e-005
170	4.94622e-005
170	4.94622e-005
170	4.94622e-005
170	4.94622e-005
170	4.94622e-005
171	4.94548e-005
171	4.94548e-005
171	4.94548e-005
171	4.94548e-005
171	4.94548e-005
172	4.94446e-005
172	4.94446e-005
172	4.94446e-005
172	4.94446e-005
172	4.94446e-005
173	4.94319e-005
173	4.94319e-005
173	4.94319e-005
173	4.94319e-005
173	4.94319e-005
174	4.94168e-005
174	4.94168e-005
174	4.94168e-005
174	4.94168e-005
174	4.94168e-005
175	4.93994e-005
175	4.93994e-005
175	4.93994e-005
175	4.93994e-005
175	4.93994e-005
176	4.93798e-005
176	4.93798e-005
176	4.93798e-005
176	4.93798e-005
176	4.93798e-005
177	4.93583e-005
177	4.93583e-005
177	4.93583e-005
177	4.93583e-005
177	4.93583e-005
178	4.93349e-005
178	4.93349e-005
178	4.93349e-005
178	4.93349e-005
178	4.93349e-005
179	4.93098e-005
179	4.93098e-005
179	4.93098e-005
179	4.93098e-005
179	4.93098e-005
180	4.9283e-005
180	4.9283e-005
180	4.9283e-005
180	4.9283e-005
180	4.9283e-005
181	4.92546e-005
181	4.92546e-005
181	4.92546e-005
181	4.92546e-005
181	4.92546e-005
182	4.92249e-005
182	4.92249e-005
182	4.92249e-005
182	4.92249e-005
182	4.92249e-005
183	4.91937e-005
183	4.91937e-005
183	4.91937e-005
183	4.91937e-005
183	4.91937e-005
184	4.91614e-005
184	4.91614e-005
184	4.91614e-005
184	4.91614e-005
184	4.91614e-005
185	4.91278e-005
185	4.91278e-005
185	4.91278e-005
185	4.91278e-005
185	4.91278e-005
186	4.90931e-005
186	4.90931e-005
186	4.90931e-005
186	4.90931e-005
186	4.90931e-005
187	4.90574e-005
187	4.90574e-005
187	4.90574e-005
187	4.90574e-005
187	4.90574e-005
188	4.90208e-005
188	4.90208e-005
188	4.90208e-005
188	4.90208e-005
188	4.90208e-005
189	4.89832e-005
189	4.89832e-005
189	4.89832e-005
189	4.89832e-005
189	4.89832e-005
190	4.89449e-005
190	4.89449e-005
190	4.89449e-005
190	4.89449e-005
190	4.89449e-005
191	4.89057e-005
191	4.89057e-005
191	4.89057e-005
191	4.89057e-005
191	4.89057e-005
192	4.88658e-005
192	4.88658e-005
192	4.88658e-005
192	4.88658e-005
192	4.88658e-005
193	4.88253e-005
193	4.88253e-005
193	4.88253e-005
193	4.88253e-005
193	4.88253e-005
194	4.87841e-005
194	4.87841e-005
194	4.87841e-005
194	4.87841e-005
194	4.87841e-005
195	4.87423e-005
195	4.87423e-005
195	4.87423e-005
195	4.87423e-005
195	4.87423e-005
196	4.86999e-005
196	4.86999e-005
196	4.86999e-005
196	4.86999e-005
196	4.86999e-005
197	4.86571e-005
197	4.86571e-005
197	4.86571e-005
197	4.86571e-005
197	4.86571e-005
198	4.86138e-005
198	4.86138e-005
198	4.86138e-005
198	4.86138e-005
198	4.86138e-005
199	4.857e-005
199	4.857e-005
199	4.857e-005
199	4.857e-005
199	4.857e-005
200	4.85258e-005
200	4.85258e-005
200	4.85258e-005
200	4.85258e-005
200	4.85258e-005
201	4.84813e-005
201	4.84813e-005
201	4.84813e-005
201	4.84813e-005
201	4.84813e-005
202	4.84364e-005
202	4.84364e-005
202	4.84364e-005
202	4.84364e-005
202	4.84364e-005
203	4.83912e-005
203	4.83912e-005
203	4.83912e-005
203	4.83912e-005
203	4.83912e-005
204	4.83456e-005
204	4.83456e-005
204	4.83456e-005
204	4.83456e-005
204	4.83456e-005
205	4.82998e-005
205	4.82998e-005
205	4.82998e-005
205	4.82998e-005
205	4.82998e-005
206	4.82538e-005
206	4.82538e-005
206	4.82538e-005
206	4.82538e-005
206	4.82538e-005
207	4.82075e-005
207	4.82075e-005
207	4.82075e-005
207	4.82075e-005
207	4.82075e-005
208	4.81609e-005
208	4.81609e-005
208	4.81609e-005
208	4.81609e-005
208	4.81609e-005
209	4.81142e-005
209	4.81142e-005
209	4.81142e-005
209	4.81142e-005
209	4.81142e-005
210	4.80673e-005
210	4.80673e-005
210	4.80673e-005
210	4.80673e-005
210	4.80673e-005
211	4.80202e-005
211	4.80202e-005
211	4.80202e-005
211	4.80202e-005
211	4.80202e-005
212	4.79729e-005
212	4.79729e-005
212	4.79729e-005
212	4.79729e-005
212	4.79729e-005
213	4.79255e-005
213	4.79255e-005
213	4.79255e-005
213	4.79255e-005
213	4.79255e-005
214	4.78779e-005
214	4.78779e-005
214	4.78779e-005
214	4.78779e-005
214	4.78779e-005
215	4.78303e-005
215	4.78303e-005
215	4.78303e-005
215	4.78303e-005
215	4.78303e-005
216	4.77825e-005
216	4.77825e-005
216	4.77825e-005
216	4.77825e-005
216	4.77825e-005
217	4.77346e-005
217	4.77346e-005
217	4.77346e-005
217	4.77346e-005
217	4.77346e-005
218	4.76866e-005
218	4.76866e-005
218	4.76866e-005
218	4.76866e-005
218	4.76866e-005
219	4.76386e-005
219	4.76386e-005
219	4.76386e-005
219	4.76386e-005
219	4.76386e-005
220	4.75904e-005
220	4.75904e-005
220	4.75904e-005
220	4.75904e-005
220	4.75904e-005
221	4.75422e-005
221	4.75422e-005
221	4.75422e-005
221	4.75422e-005
221	4.75422e-005
222	4.7494e-005
222	4.7494e-005
222	4.7494e-005
222	4.7494e-005
222	4.7494e-005
223	4.74457e-005
223	4.74457e-005
223	4.74457e-005
223	4.74457e-005
223	4.74457e-005
224	4.73973e-005
224	4.73973e-005
224	4.73973e-005
224	4.73973e-005
224	4.73973e-005
225	4.73489e-005
225	4.73489e-005
225	4.73489e-005
225	4.73489e-005
225	4.73489e-005
226	4.73004e-005
226	4.73004e-005
226	4.73004e-005
226	4.73004e-005
226	4.73004e-005
227	4.7252e-005
227	4.7252e-005
227	4.7252e-005
227	4.7252e-005
227	4.7252e-005
228	4.72035e-005
228	4.72035e-005
228	4.72035e-005
228	4.72035e-005
228	4.72035e-005
229	4.71549e-005
229	4.71549e-005
229	4.71549e-005
229	4.71549e-005
229	4.71549e-005
230	4.71064e-005
230	4.71064e-005
230	4.71064e-005
230	4.71064e-005
230	4.71064e-005
231	4.70578e-005
231	4.70578e-005
231	4.70578e-005
231	4.70578e-005
231	4.70578e-005
232	4.70093e-005
232	4.70093e-005
232	4.70093e-005
232	4.70093e-005
232	4.70093e-005
233	4.69607e-005
233	4.69607e-005
233	4.69607e-005
233	4.69607e-005
233	4.69607e-005
234	4.69121e-005
234	4.69121e-005
234	4.69121e-005
234	4.69121e-005
234	4.69121e-005
235	4.68636e-005
235	4.68636e-005
235	4.68636e-005
235	4.68636e-005
235	4.68636e-005
236	4.6815e-005
236	4.6815e-005
236	4.6815e-005
236	4.6815e-005
236	4.6815e-005
237	4.67664e-005
237	4.67664e-005
237	4.67664e-005
237	4.67664e-005
237	4.67664e-005
238	4.67179e-005
238	4.67179e-005
238	4.67179e-005
238	4.67179e-005
238	4.67179e-005
239	4.66693e-005
239	4.66693e-005
239	4.66693e-005
239	4.66693e-005
239	4.66693e-005
240	4.66208e-005
240	4.66208e-005
240	4.66208e-005
240	4.66208e-005
240	4.66208e-005
241	4.65723e-005
241	4.65723e-005
241	4.65723e-005
241	4.65723e-005
241	4.65723e-005
242	4.65238e-005
242	4.65238e-005
242	4.65238e-005
242	4.65238e-005
242	4.65238e-005
243	4.64753e-005
243	4.64753e-005
243	4.64753e-005
243	4.64753e-005
243	4.64753e-005
244	4.64268e-005
244	4.64268e-005
244	4.64268e-005
244	4.64268e-005
244	4.64268e-005
245	4.63784e-005
245	4.63784e-005
245	4.63784e-005
245	4.63784e-005
245	4.63784e-005
246	4.633e-005
246	4.633e-005
246	4.633e-005
246	4.633e-005
246	4.633e-005
247	4.62816e-005
247	4.62816e-005
247	4.62816e-005
247	4.62816e-005
247	4.62816e-005
248	4.62333e-005
248	4.62333e-005
248	4.62333e-005
248	4.62333e-005
248	4.62333e-005
249	4.61849e-005
249	4.61849e-005
249	4.61849e-005
249	4.61849e-005
249	4.61849e-005
250	4.61367e-005
250	4.61367e-005
250	4.61367e-005
250	4.61367e-005
250	4.61367e-005
251	4.60884e-005
251	4.60884e-005
251	4.60884e-005
251	4.60884e-005
251	4.60884e-005
252	4.60402e-005
252	4.60402e-005
252	4.60402e-005
252	4.60402e-005
252	4.60402e-005
253	4.5992e-005
253	4.5992e-005
253	4.5992e-005
253	4.5992e-005
253	4.5992e-005
254	4.59438e-005
254	4.59438e-005
254	4.59438e-005
254	4.59438e-005
254	4.59438e-005
255	4.58957e-005
255	4.58957e-005
255	4.58957e-005
255	4.58957e-005
255	4.58957e-005
256	4.58476e-005
256	4.58476e-005
256	4.58476e-005
256	4.58476e-005
256	4.58476e-005
257	4.57996e-005
257	4.57996e-005
257	4.57996e-005
257	4.57996e-005
257	4.57996e-005
258	4.57516e-005
258	4.57516e-005
258	4.57516e-005
258	4.57516e-005
258	4.57516e-005
259	4.57036e-005
259	4.57036e-005
259	4.57036e-005
259	4.57036e-005
259	4.57036e-005
260	4.56557e-005
260	4.56557e-005
260	4.56557e-005
260	4.56557e-005
260	4.56557e-005
261	4.56078e-005
261	4.56078e-005
261	4.56078e-005
261	4.56078e-005
261	4.56078e-005
262	4.556e-005
262	4.556e-005
262	4.556e-005
262	4.556e-005
262	4.556e-005
263	4.55122e-005
263	4.55122e-005
263	4.55122e-005
263	4.55122e-005
263	4.55122e-005
264	4.54645e-005
264	4.54645e-005
264	4.54645e-005
264	4.54645e-005
264	4.54645e-005
265	4.54168e-005
265	4.54168e-005
265	4.54168e-005
265	4.54168e-005
265	4.54168e-005
266	4.53691e-005
266	4.53691e-005
266	4.53691e-005
266	4.53691e-005
266	4.53691e-005
267	4.53215e-005
267	4.53215e-005
267	4.53215e-005
267	4.53215e-005
267	4.53215e-005
268	4.5274e-005
268	4.5274e-005
268	4.5274e-005
268	4.5274e-005
268	4.5274e-005
269	4.52265e-005
269	4.52265e-005
269	4.52265e-005
269	4.52265e-005
269	4.52265e-005
270	4.5179e-005
270	4.5179e-005
270	4.5179e-005
270	4.5179e-005
270	4.5179e-005
271	4.51316e-005
271	4.51316e-005
271	4.51316e-005
271	4.51316e-005
271	4.51316e-005
272	4.50843e-005
272	4.50843e-005
272	4.50843e-005
272	4.50843e-005
272	4.50843e-005
273	4.5037e-005
273	4.5037e-005
273	4.5037e-005
273	4.5037e-005
273	4.5037e-005
274	4.49897e-005
274	4.49897e-005
274	4.49897e-005
274	4.49897e-005
274	4.49897e-005
275	4.49425e-005
275	4.49425e-005
275	4.49425e-005
275	4.49425e-005
275	4.49425e-005
276	4.48954e-005
276	4.48954e-005
276	4.48954e-005
276	4.48954e-005
276	4.48954e-005
277	4.48483e-005
277	4.48483e-005
277	4.48483e-005
277	4.48483e-005
277	4.48483e-005
278	4.48013e-005
278	4.48013e-005
278	4.48013e-005
278	4.48013e-005
278	4.48013e-005
279	4.47543e-005
279	4.47543e-005
279	4.47543e-005
279	4.47543e-005
279	4.47543e-005
280	4.47074e-005
280	4.47074e-005
280	4.47074e-005
280	4.47074e-005
280	4.47074e-005
281	4.46605e-005
281	4.46605e-005
281	4.46605e-005
281	4.46605e-005
281	4.46605e-005
282	4.46137e-005
282	4.46137e-005
282	4.46137e-005
282	4.46137e-005
282	4.46137e-005
283	4.45669e-005
283	4.45669e-005
283	4.45669e-005
283	4.45669e-005
283	4.45669e-005
284	4.45202e-005
284	4.45202e-005
284	4.45202e-005
284	4.45202e-005
284	4.45202e-005
285	4.44736e-005
285	4.44736e-005
285	4.44736e-005
285	4.44736e-005
285	4.44736e-005
286	4.4427e-005
286	4.4427e-005
286	4.4427e-005
286	4.4427e-005
286	4.4427e-005
287	4.43804e-005
287	4.43804e-005
287	4.43804e-005
287	4.43804e-005
287	4.43804e-005
288	4.4334e-005
288	4.4334e-005
288	4.4334e-005
288	4.4334e-005
288	4.4334e-005
289	4.42876e-005
289	4.42876e-005
289	4.42876e-005
289	4.42876e-005
289	4.42876e-005
290	4.42412e-005
290	4.42412e-005
290	4.42412e-005
290	4.42412e-005
290	4.42412e-005
291	4.41949e-005
291	4.41949e-005
291	4.41949e-005
291	4.41949e-005
291	4.41949e-005
292	4.41487e-005
292	4.41487e-005
292	4.41487e-005
292	4.41487e-005
292	4.41487e-005
293	4.41025e-005
293	4.41025e-005
293	4.41025e-005
293	4.41025e-005
293	4.41025e-005
294	4.40564e-005
294	4.40564e-005
294	4.40564e-005
294	4.40564e-005
294	4.40564e-005
295	4.40104e-005
295	4.40104e-005
295	4.40104e-005
295	4.40104e-005
295	4.40104e-005
296	4.39644e-005
296	4.39644e-005
296	4.39644e-005
296	4.39644e-005
296	4.39644e-005
297	4.39184e-005
297	4.39184e-005
297	4.39184e-005
297	4.39184e-005
297	4.39184e-005
298	4.38726e-005
298	4.38726e-005
298	4.38726e-005
298	4.38726e-005
298	4.38726e-005
299	4.38268e-005
299	4.38268e-005
299	4.38268e-005
299	4.38268e-005
299	4.38268e-005
300	4.3781e-005
300	4.3781e-005
300	4.3781e-005
300	4.3781e-005
300	4.3781e-005
301	4.37354e-005
301	4.37354e-005
301	4.37354e-005
301	4.37354e-005
301	4.37354e-005
302	4.36898e-005
302	4.36898e-005
302	4.36898e-005
302	4.36898e-005
302	4.36898e-005
303	4.36442e-005
303	4.36442e-005
303	4.36442e-005
303	4.36442e-005
303	4.36442e-005
304	4.35987e-005
304	4.35987e-005
304	4.35987e-005
304	4.35987e-005
304	4.35987e-005
305	4.35533e-005
305	4.35533e-005
305	4.35533e-005
305	4.35533e-005
305	4.35533e-005
306	4.3508e-005
306	4.3508e-005
306	4.3508e-005
306	4.3508e-005
306	4.3508e-005
307	4.34627e-005
307	4.34627e-005
307	4.34627e-005
307	4.34627e-005
307	4.34627e-005
308	4.34175e-005
308	4.34175e-005
308	4.34175e-005
308	4.34175e-005
308	4.34175e-005
309	4.33723e-005
309	4.33723e-005
309	4.33723e-005
309	4.33723e-005
309	4.33723e-005
310	4.33273e-005
310	4.33273e-005
310	4.33273e-005
310	4.33273e-005
310	4.33273e-005
311	4.32822e-005
311	4.32822e-005
311	4.32822e-005
311	4.32822e-005
311	4.32822e-005
312	4.32373e-005
312	4.32373e-005
312	4.32373e-005
312	4.32373e-005
312	4.32373e-005
313	4.31924e-005
313	4.31924e-005
313	4.31924e-005
313	4.31924e-005
313	4.31924e-005
314	4.31476e-005
314	4.31476e-005
314	4.31476e-005
314	4.31476e-005
314	4.31476e-005
315	4.31029e-005
315	4.31029e-005
315	4.31029e-005
315	4.31029e-005
315	4.31029e-005
316	4.30582e-005
316	4.30582e-005
316	4.30582e-005
316	4.30582e-005
316	4.30582e-005
317	4.30136e-005
317	4.30136e-005
317	4.30136e-005
317	4.30136e-005
317	4.30136e-005
318	4.2969e-005
318	4.2969e-005
318	4.2969e-005
318	4.2969e-005
318	4.2969e-005
319	4.29246e-005
319	4.29246e-005
319	4.29246e-005
319	4.29246e-005
319	4.29246e-005
320	4.28802e-005
320	4.28802e-005
320	4.28802e-005
320	4.28802e-005
320	4.28802e-005
321	4.28358e-005
321	4.28358e-005
321	4.28358e-005
321	4.28358e-005
321	4.28358e-005
322	4.27916e-005
322	4.27916e-005
322	4.27916e-005
322	4.27916e-005
322	4.27916e-005
323	4.27474e-005
323	4.27474e-005
323	4.27474e-005
323	4.27474e-005
323	4.27474e-005
324	4.27033e-005
324	4.27033e-005
324	4.27033e-005
324	4.27033e-005
324	4.27033e-005
325	4.26592e-005
325	4.26592e-005
325	4.26592e-005
325	4.26592e-005
325	4.26592e-005
326	4.26153e-005
326	4.26153e-005
326	4.26153e-005
326	4.26153e-005
326	4.26153e-005
327	4.25714e-005
327	4.25714e-005
327	4.25714e-005
327	4.25714e-005
327	4.25714e-005
328	4.25275e-005
328	4.25275e-005
328	4.25275e-005
328	4.25275e-005
328	4.25275e-005
329	4.24838e-005
329	4.24838e-005
329	4.24838e-005
329	4.24838e-005
329	4.24838e-005
330	4.24401e-005
330	4.24401e-005
330	4.24401e-005
330	4.24401e-005
330	4.24401e-005
331	4.23964e-005
331	4.23964e-005
331	4.23964e-005
331	4.23964e-005
331	4.23964e-005
332	4.23529e-005
332	4.23529e-005
332	4.23529e-005
332	4.23529e-005
332	4.23529e-005
333	4.23094e-005
333	4.23094e-005
333	4.23094e-005
333	4.23094e-005
333	4.23094e-005
334	4.2266e-005
334	4.2266e-005
334	4.2266e-005
334	4.2266e-005
334	4.2266e-005
335	4.22227e-005
335	4.22227e-005
335	4.22227e-005
335	4.22227e-005
335	4.22227e-005
336	4.21794e-005
336	4.21794e-005
336	4.21794e-005
336	4.21794e-005
336	4.21794e-005
337	4.21363e-005
337	4.21363e-005
337	4.21363e-005
337	4.21363e-005
337	4.21363e-005
338	4.20932e-005
338	4.20932e-005
338	4.20932e-005
338	4.20932e-005
338	4.20932e-005
339	4.20501e-005
339	4.20501e-005
339	4.20501e-005
339	4.20501e-005
339	4.20501e-005
340	4.20072e-005
340	4.20072e-005
340	4.20072e-005
340	4.20072e-005
340	4.20072e-005
341	4.19643e-005
341	4.19643e-005
341	4.19643e-005
341	4.19643e-005
341	4.19643e-005
342	4.19215e-005
342	4.19215e-005
342	4.19215e-005
342	4.19215e-005
342	4.19215e-005
343	4.18787e-005
343	4.18787e-005
343	4.18787e-005
343	4.18787e-005
343	4.18787e-005
344	4.18361e-005
344	4.18361e-005
344	4.18361e-005
344	4.18361e-005
344	4.18361e-005
345	4.17935e-005
345	4.17935e-005
345	4.17935e-005
345	4.17935e-005
345	4.17935e-005
346	4.1751e-005
346	4.1751e-005
346	4.1751e-005
346	4.1751e-005
346	4.1751e-005
347	4.17085e-005
347	4.17085e-005
347	4.17085e-005
347	4.17085e-005
347	4.17085e-005
348	4.16662e-005
348	4.16662e-005
348	4.16662e-005
348	4.16662e-005
348	4.16662e-005
349	4.16239e-005
349	4.16239e-005
349	4.16239e-005
349	4.16239e-005
349	4.16239e-005
350	4.15817e-005
350	4.15817e-005
350	4.15817e-005
350	4.15817e-005
350	4.15817e-005
351	4.15395e-005
351	4.15395e-005
351	4.15395e-005
351	4.15395e-005
351	4.15395e-005
352	4.14975e-005
352	4.14975e-005
352	4.14975e-005
352	4.14975e-005
352	4.14975e-005
353	4.14555e-005
353	4.14555e-005
353	4.14555e-005
353	4.14555e-005
353	4.14555e-005
354	4.14136e-005
354	4.14136e-005
354	4.14136e-005
354	4.14136e-005
354	4.14136e-005
355	4.13717e-005
355	4.13717e-005
355	4.13717e-005
355	4.13717e-005
355	4.13717e-005
356	4.133e-005
356	4.133e-005
356	4.133e-005
356	4.133e-005
356	4.133e-005
357	4.12883e-005
357	4.12883e-005
357	4.12883e-005
357	4.12883e-005
357	4.12883e-005
358	4.12467e-005
358	4.12467e-005
358	4.12467e-005
358	4.12467e-005
358	4.12467e-005
359	4.12052e-005
359	4.12052e-005
359	4.12052e-005
359	4.12052e-005
359	4.12052e-005
360	4.11637e-005
360	4.11637e-005
360	4.11637e-005
360	4.11637e-005
360	4.11637e-005
361	4.11223e-005
361	4.11223e-005
361	4.11223e-005
361	4.11223e-005
361	4.11223e-005
362	4.1081e-005
362	4.1081e-005
362	4.1081e-005
362	4.1081e-005
362	4.1081e-005
363	4.10398e-005
363	4.10398e-005
363	4.10398e-005
363	4.10398e-005
363	4.10398e-005
364	4.09987e-005
364	4.09987e-005
364	4.09987e-005
364	4.09987e-005
364	4.09987e-005
365	4.09576e-005
365	4.09576e-005
365	4.09576e-005
365	4.09576e-005
365	4.09576e-005
366	4.09166e-005
366	4.09166e-005
366	4.09166e-005
366	4.09166e-005
366	4.09166e-005
367	4.08757e-005
367	4.08757e-005
367	4.08757e-005
367	4.08757e-005
367	4.08757e-005
368	4.08349e-005
368	4.08349e-005
368	4.08349e-005
368	4.08349e-005
368	4.08349e-005
369	4.07941e-005
369	4.07941e-005
369	4.07941e-005
369	4.07941e-005
369	4.07941e-005
370	4.07534e-005
370	4.07534e-005
370	4.07534e-005
370	4.07534e-005
370	4.07534e-005
371	4.07128e-005
371	4.07128e-005
371	4.07128e-005
371	4.07128e-005
371	4.07128e-005
372	4.06723e-005
372	4.06723e-005
372	4.06723e-005
372	4.06723e-005
372	4.06723e-005
373	4.06318e-005
373	4.06318e-005
373	4.06318e-005
373	4.06318e-005
373	4.06318e-005
374	4.05915e-005
374	4.05915e-005
374	4.05915e-005
374	4.05915e-005
374	4.05915e-005
375	4.05512e-005
375	4.05512e-005
375	4.05512e-005
375	4.05512e-005
375	4.05512e-005
376	4.0511e-005
376	4.0511e-005
376	4.0511e-005
376	4.0511e-005
376	4.0511e-005
377	4.04708e-005
377	4.04708e-005
377	4.04708e-005
377	4.04708e-005
377	4.04708e-005
378	4.04308e-005
378	4.04308e-005
378	4.04308e-005
378	4.04308e-005
378	4.04308e-005
379	4.03908e-005
379	4.03908e-005
379	4.03908e-005
379	4.03908e-005
379	4.03908e-005
380	4.03509e-005
380	4.03509e-005
380	4.03509e-005
380	4.03509e-005
380	4.03509e-005
381	4.03111e-005
381	4.03111e-005
381	4.03111e-005
381	4.03111e-005
381	4.03111e-005
382	4.02713e-005
382	4.02713e-005
382	4.02713e-005
382	4.02713e-005
382	4.02713e-005
383	4.02316e-005
383	4.02316e-005
383	4.02316e-005
383	4.02316e-005
383	4.02316e-005
384	4.0192e-005
384	4.0192e-005
384	4.0192e-005
384	4.0192e-005
384	4.0192e-005
385	4.01525e-005
385	4.01525e-005
385	4.01525e-005
385	4.01525e-005
385	4.01525e-005
386	4.01131e-005
386	4.01131e-005
386	4.01131e-005
386	4.01131e-005
386	4.01131e-005
387	4.00737e-005
387	4.00737e-005
387	4.00737e-005
387	4.00737e-005
387	4.00737e-005
388	4.00345e-005
388	4.00345e-005
388	4.00345e-005
388	4.00345e-005
388	4.00345e-005
389	3.99953e-005
389	3.99953e-005
389	3.99953e-005
389	3.99953e-005
389	3.99953e-005
390	3.99561e-005
390	3.99561e-005
390	3.99561e-005
390	3.99561e-005
390	3.99561e-005
391	3.99171e-005
391	3.99171e-005
391	3.99171e-005
391	3.99171e-005
391	3.99171e-005
392	3.98781e-005
392	3.98781e-005
392	3.98781e-005
392	3.98781e-005
392	3.98781e-005
393	3.98392e-005
393	3.98392e-005
393	3.98392e-005
393	3.98392e-005
393	3.98392e-005
394	3.98004e-005
394	3.98004e-005
394	3.98004e-005
394	3.98004e-005
394	3.98004e-005
395	3.97617e-005
395	3.97617e-005
395	3.97617e-005
395	3.97617e-005
395	3.97617e-005
396	3.9723e-005
396	3.9723e-005
396	3.9723e-005
396	3.9723e-005
396	3.9723e-005
397	3.96845e-005
397	3.96845e-005
397	3.96845e-005
397	3.96845e-005
397	3.96845e-005
398	3.9646e-005
398	3.9646e-005
398	3.9646e-005
398	3.9646e-005
398	3.9646e-005
399	3.96075e-005
399	3.96075e-005
399	3.96075e-005
399	3.96075e-005
399	3.96075e-005
400	3.95692e-005
400	3.95692e-005
400	3.95692e-005
400	3.95692e-005
400	3.95692e-005
401	3.95309e-005
401	3.95309e-005
401	3.95309e-005
401	3.95309e-005
401	3.95309e-005
402	3.94927e-005
402	3.94927e-005
402	3.94927e-005
402	3.94927e-005
402	3.94927e-005
403	3.94546e-005
403	3.94546e-005
403	3.94546e-005
403	3.94546e-005
403	3.94546e-005
404	3.94166e-005
404	3.94166e-005
404	3.94166e-005
404	3.94166e-005
404	3.94166e-005
405	3.93787e-005
405	3.93787e-005
405	3.93787e-005
405	3.93787e-005
405	3.93787e-005
406	3.93408e-005
406	3.93408e-005
406	3.93408e-005
406	3.93408e-005
406	3.93408e-005
407	3.9303e-005
407	3.9303e-005
407	3.9303e-005
407	3.9303e-005
407	3.9303e-005
408	3.92653e-005
408	3.92653e-005
408	3.92653e-005
408	3.92653e-005
408	3.92653e-005
409	3.92276e-005
409	3.92276e-005
409	3.92276e-005
409	3.92276e-005
409	3.92276e-005
410	3.91901e-005
410	3.91901e-005
410	3.91901e-005
410	3.91901e-005
410	3.91901e-005
411	3.91526e-005
411	3.91526e-005
411	3.91526e-005
411	3.91526e-005
411	3.91526e-005
412	3.91152e-005
412	3.91152e-005
412	3.91152e-005
412	3.91152e-005
412	3.91152e-005
413	3.90779e-005
413	3.90779e-005
413	3.90779e-005
413	3.90779e-005
413	3.90779e-005
414	3.90406e-005
414	3.90406e-005
414	3.90406e-005
414	3.90406e-005
414	3.90406e-005
415	3.90034e-005
415	3.90034e-005
415	3.90034e-005
415	3.90034e-005
415	3.90034e-005
416	3.89663e-005
416	3.89663e-005
416	3.89663e-005
416	3.89663e-005
416	3.89663e-005
417	3.89293e-005
417	3.89293e-005
417	3.89293e-005
417	3.89293e-005
417	3.89293e-005
418	3.88924e-005
418	3.88924e-005
418	3.88924e-005
418	3.88924e-005
418	3.88924e-005
419	3.88555e-005
419	3.88555e-005
419	3.88555e-005
419	3.88555e-005
419	3.88555e-005
420	3.88187e-005
420	3.88187e-005
420	3.88187e-005
420	3.88187e-005
420	3.88187e-005
421	3.8782e-005
421	3.8782e-005
421	3.8782e-005
421	3.8782e-005
421	3.8782e-005
422	3.87454e-005
422	3.87454e-005
422	3.87454e-005
422	3.87454e-005
422	3.87454e-005
423	3.87088e-005
423	3.87088e-005
423	3.87088e-005
423	3.87088e-005
423	3.87088e-005
424	3.86724e-005
424	3.86724e-005
424	3.86724e-005
424	3.86724e-005
424	3.86724e-005
425	3.8636e-005
425	3.8636e-005
425	3.8636e-005
425	3.8636e-005
425	3.8636e-005
426	3.85996e-005
426	3.85996e-005
426	3.85996e-005
426	3.85996e-005
426	3.85996e-005
427	3.85634e-005
427	3.85634e-005
427	3.85634e-005
427	3.85634e-005
427	3.85634e-005
428	3.85272e-005
428	3.85272e-005
428	3.85272e-005
428	3.85272e-005
428	3.85272e-005
429	3.84911e-005
429	3.84911e-005
429	3.84911e-005
429	3.84911e-005
429	3.84911e-005
430	3.84551e-005
430	3.84551e-005
430	3.84551e-005
430	3.84551e-005
430	3.84551e-005
431	3.84192e-005
431	3.84192e-005
431	3.84192e-005
431	3.84192e-005
431	3.84192e-005
432	3.83833e-005
432	3.83833e-005
432	3.83833e-005
432	3.83833e-005
432	3.83833e-005
433	3.83475e-005
433	3.83475e-005
433	3.83475e-005
433	3.83475e-005
433	3.83475e-005
434	3.83118e-005
434	3.83118e-005
434	3.83118e-005
434	3.83118e-005
434	3.83118e-005
435	3.82762e-005
435	3.82762e-005
435	3.82762e-005
435	3.82762e-005
435	3.82762e-005
436	3.82406e-005
436	3.82406e-005
436	3.82406e-005
436	3.82406e-005
436	3.82406e-005
437	3.82052e-005
437	3.82052e-005
437	3.82052e-005
437	3.82052e-005
437	3.82052e-005
438	3.81698e-005
438	3.81698e-005
438	3.81698e-005
438	3.81698e-005
438	3.81698e-005
439	3.81344e-005
439	3.81344e-005
439	3.81344e-005
439	3.81344e-005
439	3.81344e-005
440	3.80992e-005
440	3.80992e-005
440	3.80992e-005
440	3.80992e-005
440	3.80992e-005
441	3.8064e-005
441	3.8064e-005
441	3.8064e-005
441	3.8064e-005
441	3.8064e-005
442	3.80289e-005
442	3.80289e-005
442	3.80289e-005
442	3.80289e-005
442	3.80289e-005
443	3.79939e-005
443	3.79939e-005
443	3.79939e-005
443	3.79939e-005
443	3.79939e-005
444	3.79589e-005
444	3.79589e-005
444	3.79589e-005
444	3.79589e-005
444	3.79589e-005
445	3.79241e-005
445	3.79241e-005
445	3.79241e-005
445	3.79241e-005
445	3.79241e-005
446	3.78893e-005
446	3.78893e-005
446	3.78893e-005
446	3.78893e-005
446	3.78893e-005
447	3.78546e-005
447	3.78546e-005
447	3.78546e-005
447	3.78546e-005
447	3.78546e-005
448	3.78199e-005
448	3.78199e-005
448	3.78199e-005
448	3.78199e-005
448	3.78199e-005
449	3.77853e-005
449	3.77853e-005
449	3.77853e-005
449	3.77853e-005
449	3.77853e-005
450	3.77508e-005
450	3.77508e-005
450	3.77508e-005
450	3.77508e-005
450	3.77508e-005
451	3.77164e-005
451	3.77164e-005
451	3.77164e-005
451	3.77164e-005
451	3.77164e-005
452	3.76821e-005
452	3.76821e-005
452	3.76821e-005
452	3.76821e-005
452	3.76821e-005
453	3.76478e-005
453	3.76478e-005
453	3.76478e-005
453	3.76478e-005
453	3.76478e-005
454	3.76136e-005
454	3.76136e-005
454	3.76136e-005
454	3.76136e-005
454	3.76136e-005
455	3.75795e-005
455	3.75795e-005
455	3.75795e-005
455	3.75795e-005
455	3.75795e-005
456	3.75455e-005
456	3.75455e-005
456	3.75455e-005
456	3.75455e-005
456	3.75455e-005
457	3.75115e-005
457	3.75115e-005
457	3.75115e-005
457	3.75115e-005
457	3.75115e-005
458	3.74776e-005
458	3.74776e-005
458	3.74776e-005
458	3.74776e-005
458	3.74776e-005
459	3.75975e-005
459	3.75975e-005
459	3.75975e-005
459	3.75975e-005
459	3.75975e-005
460	3.76153e-005
460	3.76153e-005
460	3.76153e-005
460	3.76153e-005
460	3.76153e-005
461	3.76548e-005
461	3.76548e-005
461	3.76548e-005
461	3.76548e-005
461	3.76548e-005
462	3.77268e-005
462	3.77268e-005
462	3.77268e-005
462	3.77268e-005
462	3.77268e-005
463	3.78319e-005
463	3.78319e-005
463	3.78319e-005
463	3.78319e-005
463	3.78319e-005
464	3.79672e-005
464	3.79672e-005
464	3.79672e-005
464	3.79672e-005
464	3.79672e-005
465	3.81287e-005
465	3.81287e-005
465	3.81287e-005
465	3.81287e-005
465	3.81287e-005
466	3.83122e-005
466	3.83122e-005
466	3.83122e-005
466	3.83122e-005
466	3.83122e-005
467	3.85135e-005
467	3.85135e-005
467	3.85135e-005
467	3.85135e-005
467	3.85135e-005
468	3.87292e-005
468	3.87292e-005
468	3.87292e-005
468	3.87292e-005
468	3.87292e-005
469	3.89557e-005
469	3.89557e-005
469	3.89557e-005
469	3.89557e-005
469	3.89557e-005
470	3.91904e-005
470	3.91904e-005
470	3.91904e-005
470	3.91904e-005
470	3.91904e-005
471	3.94304e-005
471	3.94304e-005
471	3.94304e-005
471	3.94304e-005
471	3.94304e-005
472	3.96737e-005
472	3.96737e-005
472	3.96737e-005
472	3.96737e-005
472	3.96737e-005
473	3.99181e-005
473	3.99181e-005
473	3.99181e-005
473	3.99181e-005
473	3.99181e-005
474	4.0162e-005
474	4.0162e-005
474	4.0162e-005
474	4.0162e-005
474	4.0162e-005
475	4.04038e-005
475	4.04038e-005
475	4.04038e-005
475	4.04038e-005
475	4.04038e-005
476	4.06423e-005
476	4.06423e-005
476	4.06423e-005
476	4.06423e-005
476	4.06423e-005
477	4.08763e-005
477	4.08763e-005
477	4.08763e-005
477	4.08763e-005
477	4.08763e-005
478	4.11048e-005
478	4.11048e-005
478	4.11048e-005
478	4.11048e-005
478	4.11048e-005
479	4.13272e-005
479	4.13272e-005
479	4.13272e-005
479	4.13272e-005
479	4.13272e-005
480	4.15427e-005
480	4.15427e-005
480	4.15427e-005
480	4.15427e-005
480	4.15427e-005
481	4.17507e-005
481	4.17507e-005
481	4.17507e-005
481	4.17507e-005
481	4.17507e-005
482	4.19509e-005
482	4.19509e-005
482	4.19509e-005
482	4.19509e-005
482	4.19509e-005
483	4.2143e-005
483	4.2143e-005
483	4.2143e-005
483	4.2143e-005
483	4.2143e-005
484	4.23266e-005
484	4.23266e-005
484	4.23266e-005
484	4.23266e-005
484	4.23266e-005
485	4.25017e-005
485	4.25017e-005
485	4.25017e-005
485	4.25017e-005
485	4.25017e-005
486	4.26682e-005
486	4.26682e-005
486	4.26682e-005
486	4.26682e-005
486	4.26682e-005
487	4.2826e-005
487	4.2826e-005
487	4.2826e-005
487	4.2826e-005
487	4.2826e-005
488	4.29752e-005
488	4.29752e-005
488	4.29752e-005
488	4.29752e-005
488	4.29752e-005
489	4.31159e-005
489	4.31159e-005
489	4.31159e-005
489	4.31159e-005
489	4.31159e-005
490	4.32481e-005
490	4.32481e-005
490	4.32481e-005
490	4.32481e-005
490	4.32481e-005
491	4.33722e-005
491	4.33722e-005
491	4.33722e-005
491	4.33722e-005
491	4.33722e-005
492	4.34882e-005
492	4.34882e-005
492	4.34882e-005
492	4.34882e-005
492	4.34882e-005
493	4.35963e-005
493	4.35963e-005
493	4.35963e-005
493	4.35963e-005
493	4.35963e-005
494	4.36968e-005
494	4.36968e-005
494	4.36968e-005
494	4.36968e-005
494	4.36968e-005
495	4.379e-005
495	4.379e-005
495	4.379e-005
495	4.379e-005
495	4.379e-005
496	4.3876e-005
496	4.3876e-005
496	4.3876e-005
496	4.3876e-005
496	4.3876e-005
497	4.39552e-005
497	4.39552e-005
497	4.39552e-005
497	4.39552e-005
497	4.39552e-005
498	4.40278e-005
498	4.40278e-005
498	4.40278e-005
498	4.40278e-005
498	4.40278e-005
499	4.40941e-005
499	4.40941e-005
499	4.40941e-005
499	4.40941e-005
499	4.40941e-005
500	4.41543e-005
500	4.41543e-005
500	4.41543e-005
500	4.41543e-005
500	4.41543e-005
501	4.42088e-005
501	4.42088e-005
501	4.42088e-005
501	4.42088e-005
501	4.42088e-005
502	4.42578e-005
502	4.42578e-005
502	4.42578e-005
502	4.42578e-005
502	4.42578e-005
503	4.43015e-005
503	4.43015e-005
503	4.43015e-005
503	4.43015e-005
503	4.43015e-005
504	4.43402e-005
504	4.43402e-005
504	4.43402e-005
504	4.43402e-005
504	4.43402e-005
505	4.43742e-005
505	4.43742e-005
505	4.43742e-005
505	4.43742e-005
505	4.43742e-005
506	4.44038e-005
506	4.44038e-005
506	4.44038e-005
506	4.44038e-005
506	4.44038e-005
507	4.4429e-005
507	4.4429e-005
507	4.4429e-005
507	4.4429e-005
507	4.4429e-005
508	4.44503e-005
508	4.44503e-005
508	4.44503e-005
508	4.44503e-005
508	4.44503e-005
509	4.46267e-005
509	4.46267e-005
509	4.46267e-005
509	4.46267e-005
509	4.46267e-005
510	4.46951e-005
510	4.46951e-005
510	4.46951e-005
510	4.46951e-005
510	4.46951e-005
511	4.47805e-005
511	4.47805e-005
511	4.47805e-005
511	4.47805e-005
511	4.47805e-005
512	4.48942e-005
512	4.48942e-005
512	4.48942e-005
512	4.48942e-005
512	4.48942e-005
513	4.50372e-005
513	4.50372e-005
513	4.50372e-005
513	4.50372e-005
513	4.50372e-005
514	4.52071e-005
514	4.52071e-005
514	4.52071e-005
514	4.52071e-005
514	4.52071e-005
515	4.54e-005
515	4.54e-005
515	4.54e-005
515	4.54e-005
515	4.54e-005
516	4.56122e-005
516	4.56122e-005
516	4.56122e-005
516	4.56122e-005
516	4.56122e-005
517	4.58398e-005
517	4.58398e-005
517	4.58398e-005
517	4.58398e-005
517	4.58398e-005
518	4.60795e-005
518	4.60795e-005
518	4.60795e-005
518	4.60795e-005
518	4.60795e-005
519	4.63282e-005
519	4.63282e-005
519	4.63282e-005
519	4.63282e-005
519	4.63282e-005
520	4.65832e-005
520	4.65832e-005
520	4.65832e-005
520	4.65832e-005
520	4.65832e-005
521	4.68422e-005
521	4.68422e-005
521	4.68422e-005
521	4.68422e-005
521	4.68422e-005
522	4.71029e-005
522	4.71029e-005
522	4.71029e-005
522	4.71029e-005
522	4.71029e-005
523	4.73636e-005
523	4.73636e-005
523	4.73636e-005
523	4.73636e-005
523	4.73636e-005
524	4.76226e-005
524	4.76226e-005
524	4.76226e-005
524	4.76226e-005
524	4.76226e-005
525	4.78786e-005
525	4.78786e-005
525	4.78786e-005
525	4.78786e-005
525	4.78786e-005
526	4.81302e-005
526	4.81302e-005
526	4.81302e-005
526	4.81302e-005
526	4.81302e-005
527	4.83764e-005
527	4.83764e-005
527	4.83764e-005
527	4.83764e-005
527	4.83764e-005
528	4.86163e-005
528	4.86163e-005
528	4.86163e-005
528	4.86163e-005
528	4.86163e-005
529	4.88492e-005
529	4.88492e-005
529	4.88492e-005
529	4.88492e-005
529	4.88492e-005
530	4.90745e-005
530	4.90745e-005
530	4.90745e-005
530	4.90745e-005
530	4.90745e-005
531	4.92915e-005
531	4.92915e-005
531	4.92915e-005
531	4.92915e-005
531	4.92915e-005
532	4.95e-005
532	4.95e-005
532	4.95e-005
532	4.95e-005
532	4.95e-005
533	4.96996e-005
533	4.96996e-005
533	4.96996e-005
533	4.96996e-005
533	4.96996e-005
534	4.98901e-005
534	4.98901e-005
534	4.98901e-005
534	4.98901e-005
534	4.98901e-005
535	5.00713e-005
535	5.00713e-005
535	5.00713e-005
535	5.00713e-005
535	5.00713e-005
536	5.02433e-005
536	5.02433e-005
536	5.02433e-005
536	5.02433e-005
536	5.02433e-005
537	5.04059e-005
537	5.04059e-005
537	5.04059e-005
537	5.04059e-005
537	5.04059e-005
538	5.05592e-005
538	5.05592e-005
538	5.05592e-005
538	5.05592e-005
538	5.05592e-005
539	5.07033e-005
539	5.07033e-005
539	5.07033e-005
539	5.07033e-005
539	5.07033e-005
540	5.08384e-005
540	5.08384e-005
540	5.08384e-005
540	5.08384e-005
540	5.08384e-005
541	5.09646e-005
541	5.09646e-005
541	5.09646e-005
541	5.09646e-005
541	5.09646e-005
542	5.10821e-005
542	5.10821e-005
542	5.10821e-005
542	5.10821e-005
542	5.10821e-005
543	5.11912e-005
543	5.11912e-005
543	5.11912e-005
543	5.11912e-005
543	5.11912e-005
544	5.1292e-005
544	5.1292e-005
544	5.1292e-005
544	5.1292e-005
544	5.1292e-005
545	5.13848e-005
545	5.13848e-005
545	5.13848e-005
545	5.13848e-005
545	5.13848e-005
546	5.147e-005
546	5.147e-005
546	5.147e-005
546	5.147e-005
546	5.147e-005
547	5.15477e-005
547	5.15477e-005
547	5.15477e-005
547	5.15477e-005
547	5.15477e-005
548	5.16183e-005
548	5.16183e-005
548	5.16183e-005
548	5.16183e-005
548	5.16183e-005
549	5.16821e-005
549	5.16821e-005
549	5.16821e-005
549	5.16821e-005
549	5.16821e-005
550	5.17392e-005
550	5.17392e-005
550	5.17392e-005
550	5.17392e-005
550	5.17392e-005
551	5.17901e-005
551	5.17901e-005
551	5.17901e-005
551	5.17901e-005
551	5.17901e-005
552	5.1835e-005
552	5.1835e-005
552	5.1835e-005
552	5.1835e-005
552	5.1835e-005
553	5.18742e-005
553	5.18742e-005
553	5.18742e-005
553	5.18742e-005
553	5.18742e-005
554	5.19079e-005
554	5.19079e-005
554	5.19079e-005
554	5.19079e-005
554	5.19079e-005
555	5.19364e-005
555	5.19364e-005
555	5.19364e-005
555	5.19364e-005
555	5.19364e-005
556	5.196e-005
556	5.196e-005
556	5.196e-005
556	5.196e-005
556	5.196e-005
557	5.19789e-005
557	5.19789e-005
557	5.19789e-005
557	5.19789e-005
557	5.19789e-005
558	5.19934e-005
558	5.19934e-005
558	5.19934e-005
558	5.19934e-005
558	5.19934e-005
559	5.20036e-005
559	5.20036e-005
559	5.20036e-005
559	5.20036e-005
559	5.20036e-005
560	5.20099e-005
560	5.20099e-005
560	5.20099e-005
560	5.20099e-005
560	5.20099e-005
561	5.20125e-005
561	5.20125e-005
561	5.20125e-005
561	5.20125e-005
561	5.20125e-005
562	5.20115e-005
562	5.20115e-005
562	5.20115e-005
562	5.20115e-005
562	5.20115e-005
563	5.20071e-005
563	5.20071e-005
563	5.20071e-005
563	5.20071e-005
563	5.20071e-005
564	5.19996e-005
564	5.19996e-005
564	5.19996e-005
564	5.19996e-005
564	5.19996e-005
565	5.19891e-005
565	5.19891e-005
565	5.19891e-005
565	5.19891e-005
565	5.19891e-005
566	5.19757e-005
566	5.19757e-005
566	5.19757e-005
566	5.19757e-005
566	5.19757e-005
567	5.19598e-005
567	5.19598e-005
567	5.19598e-005
567	5.19598e-005
567	5.19598e-005
568	5.19413e-005
568	5.19413e-005
568	5.19413e-005
568	5.19413e-005
568	5.19413e-005
569	5.19205e-005
569	5.19205e-005
569	5.19205e-005
569	5.19205e-005
569	5.19205e-005
570	5.18974e-005
570	5.18974e-005
570	5.18974e-005
570	5.18974e-005
570	5.18974e-005
571	5.18723e-005
571	5.18723e-005
571	5.18723e-005
571	5.18723e-005
571	5.18723e-005
572	5.18453e-005
572	5.18453e-005
572	5.18453e-005
572	5.18453e-005
572	5.18453e-005
573	5.18164e-005
573	5.18164e-005
573	5.18164e-005
573	5.18164e-005
573	5.18164e-005
574	5.17858e-005
574	5.17858e-005
574	5.17858e-005
574	5.17858e-005
574	5.17858e-005
575	5.17535e-005
575	5.17535e-005
575	5.17535e-005
575	5.17535e-005
575	5.17535e-005
576	5.17198e-005
576	5.17198e-005
576	5.17198e-005
576	5.17198e-005
576	5.17198e-005
577	5.16846e-005
577	5.16846e-005
577	5.16846e-005
577	5.16846e-005
577	5.16846e-005
578	5.16481e-005
578	5.16481e-005
578	5.16481e-005
578	5.16481e-005
578	5.16481e-005
579	5.16103e-005
579	5.16103e-005
579	5.16103e-005
579	5.16103e-005
579	5.16103e-005
580	5.15713e-005
580	5.15713e-005
580	5.15713e-005
580	5.15713e-005
580	5.15713e-005
581	5.15313e-005
581	5.15313e-005
581	5.15313e-005
581	5.15313e-005
581	5.15313e-005
582	5.14902e-005
582	5.14902e-005
582	5.14902e-005
582	5.14902e-005
582	5.14902e-005
583	5.14481e-005
583	5.14481e-005
583	5.14481e-005
583	5.14481e-005
583	5.14481e-005
584	5.14052e-005
584	5.14052e-005
584	5.14052e-005
584	5.14052e-005
584	5.14052e-005
585	5.13613e-005
585	5.13613e-005
585	5.13613e-005
585	5.13613e-005
585	5.13613e-005
586	5.13167e-005
586	5.13167e-005
586	5.13167e-005
586	5.13167e-005
586	5.13167e-005
587	5.12714e-005
587	5.12714e-005
587	5.12714e-005
587	5.12714e-005
587	5.12714e-005
588	5.12253e-005
588	5.12253e-005
588	5.12253e-005
588	5.12253e-005
588	5.12253e-005
589	5.11786e-005
589	5.11786e-005
589	5.11786e-005
589	5.11786e-005
589	5.11786e-005
590	5.11312e-005
590	5.11312e-005
590	5.11312e-005
590	5.11312e-005
590	5.11312e-005
591	5.10833e-005
591	5.10833e-005
591	5.10833e-005
591	5.10833e-005
591	5.10833e-005
592	5.10348e-005
592	5.10348e-005
592	5.10348e-005
592	5.10348e-005
592	5.10348e-005
593	5.09859e-005
593	5.09859e-005
593	5.09859e-005
593	5.09859e-005
593	5.09859e-005
594	5.09364e-005
594	5.09364e-005
594	5.09364e-005
594	5.09364e-005
594	5.09364e-005
595	5.08865e-005
595	5.08865e-005
595	5.08865e-005
595	5.08865e-005
595	5.08865e-005
596	5.08362e-005
596	5.08362e-005
596	5.08362e-005
596	5.08362e-005
596	5.08362e-005
597	5.07856e-005
597	5.07856e-005
597	5.07856e-005
597	5.07856e-005
597	5.07856e-005
598	5.07345e-005
598	5.07345e-005
598	5.07345e-005
598	5.07345e-005
598	5.07345e-005
599	5.06831e-005
599	5.06831e-005
599	5.06831e-005
599	5.06831e-005
599	5.06831e-005
600	5.06314e-005
600	5.06314e-005
600	5.06314e-005
600	5.06314e-005
600	5.06314e-005
601	5.05794e-005
601	5.05794e-005
601	5.05794e-005
601	5.05794e-005
601	5.05794e-005
602	5.05271e-005
602	5.05271e-005
602	5.05271e-005
602	5.05271e-005
602	5.05271e-005
603	5.04746e-005
603	5.04746e-005
603	5.04746e-005
603	5.04746e-005
603	5.04746e-005
604	5.04218e-005
604	5.04218e-005
604	5.04218e-005
604	5.04218e-005
604	5.04218e-005
605	5.03688e-005
605	5.03688e-005
605	5.03688e-005
605	5.03688e-005
605	5.03688e-005
606	5.03156e-005
606	5.03156e-005
606	5.03156e-005
606	5.03156e-005
606	5.03156e-005
607	5.02622e-005
607	5.02622e-005
607	5.02622e-005
607	5.02622e-005
607	5.02622e-005
608	5.02086e-005
608	5.02086e-005
608	5.02086e-005
608	5.02086e-005
608	5.02086e-005
609	5.01548e-005
609	5.01548e-005
609	5.01548e-005
609	5.01548e-005
609	5.01548e-005
610	5.01008e-005
610	5.01008e-005
610	5.01008e-005
610	5.01008e-005
610	5.01008e-005
611	5.00468e-005
611	5.00468e-005
611	5.00468e-005
611	5.00468e-005
611	5.00468e-005
612	4.99925e-005
612	4.99925e-005
612	4.99925e-005
612	4.99925e-005
612	4.99925e-005
613	4.99382e-005
613	4.99382e-005
613	4.99382e-005
613	4.99382e-005
613	4.99382e-005
614	4.98837e-005
614	4.98837e-005
614	4.98837e-005
614	4.98837e-005
614	4.98837e-005
615	4.98291e-005
615	4.98291e-005
615	4.98291e-005
615	4.98291e-005
615	4.98291e-005
616	4.97744e-005
616	4.97744e-005
616	4.97744e-005
616	4.97744e-005
616	4.97744e-005
617	4.97196e-005
617	4.97196e-005
617	4.97196e-005
617	4.97196e-005
617	4.97196e-005
618	4.96648e-005
618	4.96648e-005
618	4.96648e-005
618	4.96648e-005
618	4.96648e-005
619	4.96098e-005
619	4.96098e-005
619	4.96098e-005
619	4.96098e-005
619	4.96098e-005
620	4.95548e-005
620	4.95548e-005
620	4.95548e-005
620	4.95548e-005
620	4.95548e-005
621	4.94997e-005
621	4.94997e-005
621	4.94997e-005
621	4.94997e-005
621	4.94997e-005
622	4.94445e-005
622	4.94445e-005
622	4.94445e-005
622	4.94445e-005
622	4.94445e-005
623	4.93893e-005
623	4.93893e-005
623	4.93893e-005
623	4.93893e-005
623	4.93893e-005
624	4.9334e-005
624	4.9334e-005
624	4.9334e-005
624	4.9334e-005
624	4.9334e-005
625	4.92787e-005
625	4.92787e-005
625	4.92787e-005
625	4.92787e-005
625	4.92787e-005
626	4.92233e-005
626	4.92233e-005
626	4.92233e-005
626	4.92233e-005
626	4.92233e-005
627	4.91679e-005
627	4.91679e-005
627	4.91679e-005
627	4.91679e-005
627	4.91679e-005
628	4.91124e-005
628	4.91124e-005
628	4.91124e-005
628	4.91124e-005
628	4.91124e-005
629	4.9057e-005
629	4.9057e-005
629	4.9057e-005
629	4.9057e-005
629	4.9057e-005
630	4.90014e-005
630	4.90014e-005
630	4.90014e-005
630	4.90014e-005
630	4.90014e-005
631	4.89459e-005
631	4.89459e-005
631	4.89459e-005
631	4.89459e-005
631	4.89459e-005
632	4.88904e-005
632	4.88904e-005
632	4.88904e-005
632	4.88904e-005
632	4.88904e-005
633	4.88348e-005
633	4.88348e-005
633	4.88348e-005
633	4.88348e-005
633	4.88348e-005
634	4.87792e-005
634	4.87792e-005
634	4.87792e-005
634	4.87792e-005
634	4.87792e-005
635	4.87236e-005
635	4.87236e-005
635	4.87236e-005
635	4.87236e-005
635	4.87236e-005
636	4.8668e-005
636	4.8668e-005
636	4.8668e-005
636	4.8668e-005
636	4.8668e-005
637	4.86124e-005
637	4.86124e-005
637	4.86124e-005
637	4.86124e-005
637	4.86124e-005
638	4.85568e-005
638	4.85568e-005
638	4.85568e-005
638	4.85568e-005
638	4.85568e-005
639	4.85011e-005
639	4.85011e-005
639	4.85011e-005
639	4.85011e-005
639	4.85011e-005
640	4.84455e-005
640	4.84455e-005
640	4.84455e-005
640	4.84455e-005
640	4.84455e-005
641	4.83899e-005
641	4.83899e-005
641	4.83899e-005
641	4.83899e-005
641	4.83899e-005
642	4.83343e-005
642	4.83343e-005
642	4.83343e-005
642	4.83343e-005
642	4.83343e-005
643	4.82787e-005
643	4.82787e-005
643	4.82787e-005
643	4.82787e-005
643	4.82787e-005
644	4.82231e-005
644	4.82231e-005
644	4.82231e-005
644	4.82231e-005
644	4.82231e-005
645	4.81675e-005
645	4.81675e-005
645	4.81675e-005
645	4.81675e-005
645	4.81675e-005
646	4.8112e-005
646	4.8112e-005
646	4.8112e-005
646	4.8112e-005
646	4.8112e-005
647	4.80564e-005
647	4.80564e-005
647	4.80564e-005
647	4.80564e-005
647	4.80564e-005
648	4.80009e-005
648	4.80009e-005
648	4.80009e-005
648	4.80009e-005
648	4.80009e-005
649	4.79453e-005
649	4.79453e-005
649	4.79453e-005
649	4.79453e-005
649	4.79453e-005
650	4.78899e-005
650	4.78899e-005
650	4.78899e-005
650	4.78899e-005
650	4.78899e-005
651	4.78344e-005
651	4.78344e-005
651	4.78344e-005
651	4.78344e-005
651	4.78344e-005
652	4.77789e-005
652	4.77789e-005
652	4.77789e-005
652	4.77789e-005
652	4.77789e-005
653	4.77235e-005
653	4.77235e-005
653	4.77235e-005
653	4.77235e-005
653	4.77235e-005
654	4.76681e-005
654	4.76681e-005
654	4.76681e-005
654	4.76681e-005
654	4.76681e-005
655	4.76127e-005
655	4.76127e-005
655	4.76127e-005
655	4.76127e-005
655	4.76127e-005
656	4.75574e-005
656	4.75574e-005
656	4.75574e-005
656	4.75574e-005
656	4.75574e-005
657	4.75021e-005
657	4.75021e-005
657	4.75021e-005
657	4.75021e-005
657	4.75021e-005
658	4.74468e-005
658	4.74468e-005
658	4.74468e-005
658	4.74468e-005
658	4.74468e-005
659	4.73915e-005
659	4.73915e-005
659	4.73915e-005
659	4.73915e-005
659	4.73915e-005
660	4.73363e-005
660	4.73363e-005
660	4.73363e-005
660	4.73363e-005
660	4.73363e-005
661	4.72812e-005
661	4.72812e-005
661	4.72812e-005
661	4.72812e-005
661	4.72812e-005
662	4.7226e-005
662	4.7226e-005
662	4.7226e-005
662	4.7226e-005
662	4.7226e-005
663	4.71709e-005
663	4.71709e-005
663	4.71709e-005
663	4.71709e-005
663	4.71709e-005
664	4.71158e-005
664	4.71158e-005
664	4.71158e-005
664	4.71158e-005
664	4.71158e-005
665	4.70608e-005
665	4.70608e-005
665	4.70608e-005
665	4.70608e-005
665	4.70608e-005
666	4.70058e-005
666	4.70058e-005
666	4.70058e-005
666	4.70058e-005
666	4.70058e-005
667	4.69509e-005
667	4.69509e-005
667	4.69509e-005
667	4.69509e-005
667	4.69509e-005
668	4.6896e-005
668	4.6896e-005
668	4.6896e-005
668	4.6896e-005
668	4.6896e-005
669	4.68412e-005
669	4.68412e-005
669	4.68412e-005
669	4.68412e-005
669	4.68412e-005
670	4.67864e-005
670	4.67864e-005
670	4.67864e-005
670	4.67864e-005
670	4.67864e-005
671	4.67316e-005
671	4.67316e-005
671	4.67316e-005
671	4.67316e-005
671	4.67316e-005
672	4.66769e-005
672	4.66769e-005
672	4.66769e-005
672	4.66769e-005
672	4.66769e-005
673	4.66222e-005
673	4.66222e-005
673	4.66222e-005
673	4.66222e-005
673	4.66222e-005
674	4.65676e-005
674	4.65676e-005
674	4.65676e-005
674	4.65676e-005
674	4.65676e-005
675	4.6513e-005
675	4.6513e-005
675	4.6513e-005
675	4.6513e-005
675	4.6513e-005
676	4.64585e-005
676	4.64585e-005
676	4.64585e-005
676	4.64585e-005
676	4.64585e-005
677	4.64041e-005
677	4.64041e-005
677	4.64041e-005
677	4.64041e-005
677	4.64041e-005
678	4.63497e-005
678	4.63497e-005
678	4.63497e-005
678	4.63497e-005
678	4.63497e-005
679	4.62953e-005
679	4.62953e-005
679	4.62953e-005
679	4.62953e-005
679	4.62953e-005
680	4.6241e-005
680	4.6241e-005
680	4.6241e-005
680	4.6241e-005
680	4.6241e-005
681	4.61868e-005
681	4.61868e-005
681	4.61868e-005
681	4.61868e-005
681	4.61868e-005
682	4.61326e-005
682	4.61326e-005
682	4.61326e-005
682	4.61326e-005
682	4.61326e-005
683	4.60785e-005
683	4.60785e-005
683	4.60785e-005
683	4.60785e-005
683	4.60785e-005
684	4.60244e-005
684	4.60244e-005
684	4.60244e-005
684	4.60244e-005
684	4.60244e-005
685	4.59704e-005
685	4.59704e-005
685	4.59704e-005
685	4.59704e-005
685	4.59704e-005
686	4.59165e-005
686	4.59165e-005
686	4.59165e-005
686	4.59165e-005
686	4.59165e-005
687	4.58626e-005
687	4.58626e-005
687	4.58626e-005
687	4.58626e-005
687	4.58626e-005
688	4.58087e-005
688	4.58087e-005
688	4.58087e-005
688	4.58087e-005
688	4.58087e-005
689	4.5755e-005
689	4.5755e-005
689	4.5755e-005
689	4.5755e-005
689	4.5755e-005
690	4.57013e-005
690	4.57013e-005
690	4.57013e-005
690	4.57013e-005
690	4.57013e-005
691	4.56476e-005
691	4.56476e-005
691	4.56476e-005
691	4.56476e-005
691	4.56476e-005
692	4.55941e-005
692	4.55941e-005
692	4.55941e-005
692	4.55941e-005
692	4.55941e-005
693	4.55406e-005
693	4.55406e-005
693	4.55406e-005
693	4.55406e-005
693	4.55406e-005
694	4.54871e-005
694	4.54871e-005
694	4.54871e-005
694	4.54871e-005
694	4.54871e-005
695	4.54338e-005
695	4.54338e-005
695	4.54338e-005
695	4.54338e-005
695	4.54338e-005
696	4.53804e-005
696	4.53804e-005
696	4.53804e-005
696	4.53804e-005
696	4.53804e-005
697	4.53272e-005
697	4.53272e-005
697	4.53272e-005
697	4.53272e-005
697	4.53272e-005
698	4.5274e-005
698	4.5274e-005
698	4.5274e-005
698	4.5274e-005
698	4.5274e-005
699	4.52209e-005
699	4.52209e-005
699	4.52209e-005
699	4.52209e-005
699	4.52209e-005
700	4.51679e-005
700	4.51679e-005
700	4.51679e-005
700	4.51679e-005
700	4.51679e-005
701	4.51149e-005
701	4.51149e-005
701	4.51149e-005
701	4.51149e-005
701	4.51149e-005
702	4.50621e-005
702	4.50621e-005
702	4.50621e-005
702	4.50621e-005
702	4.50621e-005
703	4.50092e-005
703	4.50092e-005
703	4.50092e-005
703	4.50092e-005
703	4.50092e-005
704	4.49565e-005
704	4.49565e-005
704	4.49565e-005
704	4.49565e-005
704	4.49565e-005
705	4.49038e-005
705	4.49038e-005
705	4.49038e-005
705	4.49038e-005
705	4.49038e-005
706	4.48512e-005
706	4.48512e-005
706	4.48512e-005
706	4.48512e-005
706	4.48512e-005
707	4.47987e-005
707	4.47987e-005
707	4.47987e-005
707	4.47987e-005
707	4.47987e-005
708	4.47462e-005
708	4.47462e-005
708	4.47462e-005
708	4.47462e-005
708	4.47462e-005
709	4.46939e-005
709	4.46939e-005
709	4.46939e-005
709	4.46939e-005
709	4.46939e-005
710	4.46416e-005
710	4.46416e-005
710	4.46416e-005
710	4.46416e-005
710	4.46416e-005
711	4.45893e-005
711	4.45893e-005
711	4.45893e-005
711	4.45893e-005
711	4.45893e-005
712	4.45372e-005
712	4.45372e-005
712	4.45372e-005
712	4.45372e-005
712	4.45372e-005
713	4.44851e-005
713	4.44851e-005
713	4.44851e-005
713	4.44851e-005
713	4.44851e-005
714	4.44331e-005
714	4.44331e-005
714	4.44331e-005
714	4.44331e-005
714	4.44331e-005
715	4.43812e-005
715	4.43812e-005
715	4.43812e-005
715	4.43812e-005
715	4.43812e-005
716	4.43294e-005
716	4.43294e-005
716	4.43294e-005
716	4.43294e-005
716	4.43294e-005
717	4.42776e-005
717	4.42776e-005
717	4.42776e-005
717	4.42776e-005
717	4.42776e-005
718	4.4226e-005
718	4.4226e-005
718	4.4226e-005
718	4.4226e-005
718	4.4226e-005
719	4.41744e-005
719	4.41744e-005
719	4.41744e-005
719	4.41744e-005
719	4.41744e-005
720	4.41229e-005
720	4.41229e-005
720	4.41229e-005
720	4.41229e-005
720	4.41229e-005
721	4.40714e-005
721	4.40714e-005
721	4.40714e-005
721	4.40714e-005
721	4.40714e-005
722	4.40201e-005
722	4.40201e-005
722	4.40201e-005
722	4.40201e-005
722	4.40201e-005
723	4.39688e-005
723	4.39688e-005
723	4.39688e-005
723	4.39688e-005
723	4.39688e-005
724	4.39176e-005
724	4.39176e-005
724	4.39176e-005
724	4.39176e-005
724	4.39176e-005
725	4.38665e-005
725	4.38665e-005
725	4.38665e-005
725	4.38665e-005
725	4.38665e-005
726	4.38155e-005
726	4.38155e-005
726	4.38155e-005
726	4.38155e-005
726	4.38155e-005
727	4.37646e-005
727	4.37646e-005
727	4.37646e-005
727	4.37646e-005
727	4.37646e-005
728	4.37137e-005
728	4.37137e-005
728	4.37137e-005
728	4.37137e-005
728	4.37137e-005
729	4.3663e-005
729	4.3663e-005
729	4.3663e-005
729	4.3663e-005
729	4.3663e-005
730	4.36123e-005
730	4.36123e-005
730	4.36123e-005
730	4.36123e-005
730	4.36123e-005
731	4.35617e-005
731	4.35617e-005
731	4.35617e-005
731	4.35617e-005
731	4.35617e-005
732	4.35112e-005
732	4.35112e-005
732	4.35112e-005
732	4.35112e-005
732	4.35112e-005
733	4.34608e-005
733	4.34608e-005
733	4.34608e-005
733	4.34608e-005
733	4.34608e-005
734	4.34104e-005
734	4.34104e-005
734	4.34104e-005
734	4.34104e-005
734	4.34104e-005
735	4.33602e-005
735	4.33602e-005
735	4.33602e-005
735	4.33602e-005
735	4.33602e-005
736	4.331e-005
736	4.331e-005
736	4.331e-005
736	4.331e-005
736	4.331e-005
737	4.32599e-005
737	4.32599e-005
737	4.32599e-005
737	4.32599e-005
737	4.32599e-005
738	4.321e-005
738	4.321e-005
738	4.321e-005
738	4.321e-005
738	4.321e-005
739	4.31601e-005
739	4.31601e-005
739	4.31601e-005
739	4.31601e-005
739	4.31601e-005
740	4.31102e-005
740	4.31102e-005
740	4.31102e-005
740	4.31102e-005
740	4.31102e-005
741	4.30605e-005
741	4.30605e-005
741	4.30605e-005
741	4.30605e-005
741	4.30605e-005
742	4.30109e-005
742	4.30109e-005
742	4.30109e-005
742	4.30109e-005
742	4.30109e-005
743	4.29614e-005
743	4.29614e-005
743	4.29614e-005
743	4.29614e-005
743	4.29614e-005
744	4.29119e-005
744	4.29119e-005
744	4.29119e-005
744	4.29119e-005
744	4.29119e-005
745	4.28625e-005
745	4.28625e-005
745	4.28625e-005
745	4.28625e-005
745	4.28625e-005
746	4.28133e-005
746	4.28133e-005
746	4.28133e-005
746	4.28133e-005
746	4.28133e-005
747	4.27641e-005
747	4.27641e-005
747	4.27641e-005
747	4.27641e-005
747	4.27641e-005
748	4.2715e-005
748	4.2715e-005
748	4.2715e-005
748	4.2715e-005
748	4.2715e-005
749	4.2666e-005
749	4.2666e-005
749	4.2666e-005
749	4.2666e-005
749	4.2666e-005
750	4.26171e-005
750	4.26171e-005
750	4.26171e-005
750	4.26171e-005
750	4.26171e-005
751	4.25683e-005
751	4.25683e-005
751	4.25683e-005
751	4.25683e-005
751	4.25683e-005
752	4.25195e-005
752	4.25195e-005
752	4.25195e-005
752	4.25195e-005
752	4.25195e-005
753	4.24709e-005
753	4.24709e-005
753	4.24709e-005
753	4.24709e-005
753	4.24709e-005
754	4.24224e-005
754	4.24224e-005
754	4.24224e-005
754	4.24224e-005
754	4.24224e-005
755	4.23739e-005
755	4.23739e-005
755	4.23739e-005
755	4.23739e-005
755	4.23739e-005
756	4.23256e-005
756	4.23256e-005
756	4.23256e-005
756	4.23256e-005
756	4.23256e-005
757	4.22773e-005
757	4.22773e-005
757	4.22773e-005
757	4.22773e-005
757	4.22773e-005
758	4.22291e-005
758	4.22291e-005
758	4.22291e-005
758	4.22291e-005
758	4.22291e-005
759	4.21811e-005
759	4.21811e-005
759	4.21811e-005
759	4.21811e-005
759	4.21811e-005
760	4.21331e-005
760	4.21331e-005
760	4.21331e-005
760	4.21331e-005
760	4.21331e-005
761	4.20852e-005
761	4.20852e-005
761	4.20852e-005
761	4.20852e-005
761	4.20852e-005
762	4.20374e-005
762	4.20374e-005
762	4.20374e-005
762	4.20374e-005
762	4.20374e-005
763	4.19897e-005
763	4.19897e-005
763	4.19897e-005
763	4.19897e-005
763	4.19897e-005
764	4.19421e-005
764	4.19421e-005
764	4.19421e-005
764	4.19421e-005
764	4.19421e-005
765	4.18946e-005
765	4.18946e-005
765	4.18946e-005
765	4.18946e-005
765	4.18946e-005
766	4.18471e-005
766	4.18471e-005
766	4.18471e-005
766	4.18471e-005
766	4.18471e-005
767	4.17998e-005
767	4.17998e-005
767	4.17998e-005
767	4.17998e-005
767	4.17998e-005
768	4.17526e-005
768	4.17526e-005
768	4.17526e-005
768	4.17526e-005
768	4.17526e-005
769	4.17055e-005
769	4.17055e-005
769	4.17055e-005
769	4.17055e-005
769	4.17055e-005
770	4.16584e-005
770	4.16584e-005
770	4.16584e-005
770	4.16584e-005
770	4.16584e-005
771	4.16115e-005
771	4.16115e-005
771	4.16115e-005
771	4.16115e-005
771	4.16115e-005
772	4.15646e-005
772	4.15646e-005
772	4.15646e-005
772	4.15646e-005
772	4.15646e-005
773	4.15179e-005
773	4.15179e-005
773	4.15179e-005
773	4.15179e-005
773	4.15179e-005
774	4.14712e-005
774	4.14712e-005
774	4.14712e-005
774	4.14712e-005
774	4.14712e-005
775	4.14246e-005
775	4.14246e-005
775	4.14246e-005
775	4.14246e-005
775	4.14246e-005
776	4.13782e-005
776	4.13782e-005
776	4.13782e-005
776	4.13782e-005
776	4.13782e-005
777	4.13318e-005
777	4.13318e-005
777	4.13318e-005
777	4.13318e-005
777	4.13318e-005
778	4.12855e-005
778	4.12855e-005
778	4.12855e-005
778	4.12855e-005
778	4.12855e-005
779	4.12394e-005
779	4.12394e-005
779	4.12394e-005
779	4.12394e-005
779	4.12394e-005
780	4.11933e-005
780	4.11933e-005
780	4.11933e-005
780	4.11933e-005
780	4.11933e-005
781	4.11473e-005
781	4.11473e-005
781	4.11473e-005
781	4.11473e-005
781	4.11473e-005
782	4.11014e-005
782	4.11014e-005
782	4.11014e-005
782	4.11014e-005
782	4.11014e-005
783	4.10556e-005
783	4.10556e-005
783	4.10556e-005
783	4.10556e-005
783	4.10556e-005
784	4.10099e-005
784	4.10099e-005
784	4.10099e-005
784	4.10099e-005
784	4.10099e-005
785	4.09643e-005
785	4.09643e-005
785	4.09643e-005
785	4.09643e-005
785	4.09643e-005
786	4.09188e-005
786	4.09188e-005
786	4.09188e-005
786	4.09188e-005
786	4.09188e-005
787	4.08734e-005
787	4.08734e-005
787	4.08734e-005
787	4.08734e-005
787	4.08734e-005
788	4.08281e-005
788	4.08281e-005
788	4.08281e-005
788	4.08281e-005
788	4.08281e-005
789	4.07828e-005
789	4.07828e-005
789	4.07828e-005
789	4.07828e-005
789	4.07828e-005
790	4.07377e-005
790	4.07377e-005
790	4.07377e-005
790	4.07377e-005
790	4.07377e-005
791	4.06927e-005
791	4.06927e-005
791	4.06927e-005
791	4.06927e-005
791	4.06927e-005
792	4.06478e-005
792	4.06478e-005
792	4.06478e-005
792	4.06478e-005
792	4.06478e-005
793	4.06029e-005
793	4.06029e-005
793	4.06029e-005
793	4.06029e-005
793	4.06029e-005
794	4.05582e-005
794	4.05582e-005
794	4.05582e-005
794	4.05582e-005
794	4.05582e-005
795	4.05136e-005
795	4.05136e-005
795	4.05136e-005
795	4.05136e-005
795	4.05136e-005
796	4.0469e-005
796	4.0469e-005
796	4.0469e-005
796	4.0469e-005
796	4.0469e-005
797	4.04246e-005
797	4.04246e-005
797	4.04246e-005
797	4.04246e-005
797	4.04246e-005
798	4.03802e-005
798	4.03802e-005
798	4.03802e-005
798	4.03802e-005
798	4.03802e-005
799	4.0336e-005
799	4.0336e-005
799	4.0336e-005
799	4.0336e-005
799	4.0336e-005
800	4.02918e-005
800	4.02918e-005
800	4.02918e-005
800	4.02918e-005
800	4.02918e-005
801	4.02478e-005
801	4.02478e-005
801	4.02478e-005
801	4.02478e-005
801	4.02478e-005
802	4.02038e-005
802	4.02038e-005
802	4.02038e-005
802	4.02038e-005
802	4.02038e-005
803	4.016e-005
803	4.016e-005
803	4.016e-005
803	4.016e-005
803	4.016e-005
804	4.01162e-005
804	4.01162e-005
804	4.01162e-005
804	4.01162e-005
804	4.01162e-005
805	4.00725e-005
805	4.00725e-005
805	4.00725e-005
805	4.00725e-005
805	4.00725e-005
806	4.0029e-005
806	4.0029e-005
806	4.0029e-005
806	4.0029e-005
806	4.0029e-005
807	3.99855e-005
807	3.99855e-005
807	3.99855e-005
807	3.99855e-005
807	3.99855e-005
808	3.99421e-005
808	3.99421e-005
808	3.99421e-005
808	3.99421e-005
808	3.99421e-005
809	3.98988e-005
809	3.98988e-005
809	3.98988e-005
809	3.98988e-005
809	3.98988e-005
810	3.98556e-005
810	3.98556e-005
810	3.98556e-005
810	3.98556e-005
810	3.98556e-005
811	3.98125e-005
811	3.98125e-005
811	3.98125e-005
811	3.98125e-005
811	3.98125e-005
812	3.97696e-005
812	3.97696e-005
812	3.97696e-005
812	3.97696e-005
812	3.97696e-005
813	3.97267e-005
813	3.97267e-005
813	3.97267e-005
813	3.97267e-005
813	3.97267e-005
814	3.96839e-005
814	3.96839e-005
814	3.96839e-005
814	3.96839e-005
814	3.96839e-005
815	3.96412e-005
815	3.96412e-005
815	3.96412e-005
815	3.96412e-005
815	3.96412e-005
816	3.95985e-005
816	3.95985e-005
816	3.95985e-005
816	3.95985e-005
816	3.95985e-005
817	3.9556e-005
817	3.9556e-005
817	3.9556e-005
817	3.9556e-005
817	3.9556e-005
818	3.95136e-005
818	3.95136e-005
818	3.95136e-005
818	3.95136e-005
818	3.95136e-005
819	3.94713e-005
819	3.94713e-005
819	3.94713e-005
819	3.94713e-005
819	3.94713e-005
820	3.94291e-005
820	3.94291e-005
820	3.94291e-005
820	3.94291e-005
820	3.94291e-005
821	3.9387e-005
821	3.9387e-005
821	3.9387e-005
821	3.9387e-005
821	3.9387e-005
822	3.93449e-005
822	3.93449e-005
822	3.93449e-005
822	3.93449e-005
822	3.93449e-005
823	3.9303e-005
823	3.9303e-005
823	3.9303e-005
823	3.9303e-005
823	3.9303e-005
824	3.92612e-005
824	3.92612e-005
824	3.92612e-005
824	3.92612e-005
824	3.92612e-005
825	3.92194e-005
825	3.92194e-005
825	3.92194e-005
825	3.92194e-005
825	3.92194e-005
826	3.91778e-005
826	3.91778e-005
826	3.91778e-005
826	3.91778e-005
826	3.91778e-005
827	3.91362e-005
827	3.91362e-005
827	3.91362e-005
827	3.91362e-005
827	3.91362e-005
828	3.90948e-005
828	3.90948e-005
828	3.90948e-005
828	3.90948e-005
828	3.90948e-005
829	3.90534e-005
829	3.90534e-005
829	3.90534e-005
829	3.90534e-005
829	3.90534e-005
830	3.90122e-005
830	3.90122e-005
830	3.90122e-005
830	3.90122e-005
830	3.90122e-005
831	3.8971e-005
831	3.8971e-005
831	3.8971e-005
831	3.8971e-005
831	3.8971e-005
832	3.89299e-005
832	3.89299e-005
832	3.89299e-005
832	3.89299e-005
832	3.89299e-005
833	3.88889e-005
833	3.88889e-005
833	3.88889e-005
833	3.88889e-005
833	3.88889e-005
834	3.88481e-005
834	3.88481e-005
834	3.88481e-005
834	3.88481e-005
834	3.88481e-005
0 unlabeled lines
