L     V_Ratio Volume Surface Surface/Volume 
0.4742   23.99     1510     1129      0.7473   
5.093    0.2176    204.7    565.5     2.762    
9.693    0.05809   167.3    897.1     5.362    
13.64    0.02007   108.2    1198      11.07    
17.33    0.007496  63.33    991.3     15.65    
21.97    0.003612  47.9     876.7     18.3     
25.16    0.001135  19.51    421       21.57    
29.81    0.0004198  10.01    215.8     21.55    
32.51    8.373e-005  2.363    51.78     21.91    
37.89    4.183e-005  1.59     33.1      20.82    
